  15 Wind speed [m/s]          Pitch [deg]   Pitch curve for IEA-22MW-280
3.000000000000000000e+00 2.257307508939254692e+00 
4.000000000000000000e+00 9.720916656634610575e-01 
5.000000000000000000e+00 4.452453601241679881e-01 
6.000000000000000000e+00 -1.330950795800226946e-02
7.000000000000000000e+00 -4.295792213595440168e-01
7.500000000000000000e+00 -6.202496952260954100e-01
8.000000000000000000e+00 -7.014299065206934802e-01
8.500000000000000000e+00 -8.432051150282007246e-01
9.000000000000000000e+00 -1.248701356249220185e+00
9.500000000000000000e+00 -1.034542294470974566e+00
1.000000000000000000e+01 2.006078797132225811e-01 
1.050000000000000000e+01 1.362364527153276494e+00 
1.100000000000000000e+01 2.307075999066260152e+00
1.150000000000000000e+01 3.576181797518239946e+00        
50.0             0.000000
