# ----- Rotor performance tables for the WEIS Turbine wind turbine ----- 
# ------------ Written on Jun-14-23 using the ROSCO toolbox ------------ 

# Pitch angle vector, 20 entries - x axis (matrix columns) (deg)
-5.0   -3.158   -1.316   0.5263   2.368   4.211   6.053   7.895   9.737   11.58   13.42   15.26   17.11   18.95   20.79   22.63   24.47   26.32   28.16   30.0   
# TSR vector, 20 entries - y axis (matrix rows) (-)
2.0    2.526    3.053    3.579    4.105    4.632    5.158    5.684    6.211    6.737    7.263    7.789    8.316    8.842    9.368    9.895    10.42    10.95    11.47    12.0    
# Wind speed vector - z axis (m/s)
11.51    

# Power coefficient

0.005634   0.008549   0.011459   0.014355   0.017221   0.020063   0.022958   0.026068   0.029595   0.033693   0.038341   0.043289   0.048131   0.052344   0.055318   0.056599   0.056071   0.053948   0.050612   0.046395   
0.013231   0.018156   0.023023   0.027934   0.033157   0.039035   0.045875   0.053693   0.062037   0.070148   0.077002   0.081386   0.082590   0.080781   0.076639   0.070926   0.064187   0.056672   0.048446   0.039504   
0.025105   0.032929   0.041260   0.050632   0.061516   0.073916   0.086986   0.099329   0.108893   0.113657   0.113257   0.108743   0.101430   0.092443   0.082404   0.071455   0.059581   0.046744   0.032958   0.018360   
0.042696   0.055915   0.071026   0.088496   0.107570   0.126241   0.141302   0.149308   0.149545   0.143812   0.134094   0.122074   0.108751   0.094305   0.078688   0.061830   0.043707   0.024453   0.004320   -0.016345   
0.069166   0.091284   0.116640   0.143471   0.167950   0.184666   0.190328   0.186561   0.176317   0.162043   0.145661   0.127893   0.108714   0.088027   0.065752   0.041891   0.016660   -0.009589   -0.036399   -0.062900   
0.107663   0.142055   0.177823   0.208911   0.228137   0.232921   0.226565   0.212753   0.194411   0.173763   0.151462   0.127418   0.101512   0.073618   0.043714   0.012083   -0.020855   -0.054563   -0.087992   -0.118233   
0.160411   0.206440   0.246090   0.270460   0.277021   0.269984   0.253834   0.232056   0.207377   0.180699   0.151927   0.120887   0.087382   0.051331   0.013015   -0.027090   -0.068388   -0.109840   -0.148267   -0.178820   
0.224718   0.275604   0.308850   0.320830   0.315767   0.299124   0.275071   0.246966   0.216377   0.183280   0.147437   0.108589   0.066543   0.021495   -0.026052   -0.075442   -0.125737   -0.174121   -0.214871   -0.243934   
0.292214   0.338540   0.360532   0.361163   0.346825   0.322528   0.292280   0.258607   0.221903   0.181894   0.138258   0.090686   0.039196   -0.015745   -0.073444   -0.132987   -0.192373   -0.246000   -0.286884   -0.314933   
0.352709   0.389901   0.401293   0.393284   0.371974   0.341944   0.306627   0.267466   0.224304   0.176780   0.124504   0.067280   0.005412   -0.060412   -0.129256   -0.199720   -0.267569   -0.324532   -0.365110   -0.393523   
0.399917   0.428423   0.432300   0.418694   0.392736   0.358456   0.318630   0.273843   0.223779   0.168025   0.106224   0.038406   -0.034851   -0.112622   -0.193664   -0.275446   -0.350789   -0.409773   -0.450765   -0.481482   
0.430347   0.453843   0.454608   0.438572   0.410020   0.372611   0.328524   0.277895   0.220407   0.155650   0.083426   0.004025   -0.081708   -0.172565   -0.266828   -0.359981   -0.441755   -0.502506   -0.545201   -0.580403   
0.440701   0.465867   0.468621   0.453468   0.424232   0.384625   0.336411   0.279688   0.214204   0.139667   0.056086   -0.035954   -0.135327   -0.240485   -0.348865   -0.453249   -0.540655   -0.603718   -0.649822   -0.691670   
0.430366   0.462200   0.473831   0.463344   0.435458   0.394518   0.342327   0.279241   0.205176   0.120058   0.024140   -0.081669   -0.195923   -0.316641   -0.439894   -0.555274   -0.648031   -0.714459   -0.765933   -0.816507   
0.409047   0.443389   0.468529   0.467645   0.443568   0.402232   0.346267   0.276554   0.193320   0.096779   -0.012513   -0.133295   -0.263743   -0.401288   -0.540063   -0.666262   -0.764619   -0.835778   -0.894676   -0.955975   
0.384444   0.421156   0.452289   0.465318   0.448230   0.407665   0.348210   0.271618   0.178612   0.069762   -0.054003   -0.191032   -0.339058   -0.494678   -0.649570   -0.786600   -0.891227   -0.968710   -1.037072   -1.110952   
0.356065   0.396874   0.432087   0.455166   0.448891   0.410678   0.348116   0.264413   0.161008   0.038918   -0.100483   -0.255100   -0.422149   -0.597077   -0.768660   -0.916792   -1.028657   -1.114215   -1.194037   -1.282232   
0.323456   0.369888   0.409893   0.439292   0.444702   0.411080   0.345929   0.254907   0.140448   0.004140   -0.152120   -0.325735   -0.513297   -0.708769   -0.897644   -1.057406   -1.177694   -1.273172   -1.366433   -1.470570   
0.286329   0.339786   0.385637   0.421057   0.434840   0.408616   0.341580   0.243053   0.116859   -0.034690   -0.209095   -0.403181   -0.612788   -0.830051   -1.036901   -1.209037   -1.339107   -1.446398   -1.555055   -1.676708   
0.244484   0.306288   0.359158   0.401027   0.420614   0.402935   0.334986   0.228798   0.090160   -0.077704   -0.271599   -0.487691   -0.720911   -0.961233   -1.186859   -1.372291   -1.513657   -1.634664   -1.760633   -1.901397   


#  Thrust coefficient

0.060880   0.060434   0.059957   0.059458   0.058952   0.058490   0.058171   0.058148   0.058624   0.059769   0.061589   0.063875   0.066271   0.068281   0.069309   0.068899   0.066926   0.063567   0.059159   0.053989   
0.078368   0.078057   0.077800   0.077755   0.078167   0.079362   0.081669   0.085162   0.089478   0.093960   0.097641   0.099319   0.098262   0.094575   0.088846   0.081745   0.073751   0.065072   0.055770   0.045857   
0.101104   0.101517   0.102682   0.105081   0.109228   0.115245   0.122478   0.129714   0.134970   0.136195   0.132913   0.126015   0.116660   0.105842   0.094099   0.081559   0.068231   0.054122   0.039304   0.023982   
0.130720   0.133738   0.138948   0.146972   0.157372   0.168505   0.177314   0.180261   0.176407   0.167286   0.154665   0.140031   0.124255   0.107505   0.089787   0.071100   0.051504   0.031235   0.010646   -0.009833   
0.170069   0.178452   0.190874   0.206197   0.221077   0.230063   0.229491   0.220560   0.205908   0.187740   0.167741   0.146551   0.124211   0.100724   0.076120   0.050529   0.024313   -0.002045   -0.027990   -0.052612   
0.222141   0.239136   0.259758   0.278523   0.287895   0.284566   0.271275   0.251397   0.227605   0.201856   0.174764   0.146362   0.116671   0.085722   0.053662   0.020972   -0.011762   -0.043885   -0.074305   -0.100316   
0.290061   0.316140   0.339740   0.351223   0.346895   0.330269   0.305567   0.276060   0.244191   0.210822   0.176015   0.139784   0.102127   0.063180   0.023474   -0.016301   -0.055394   -0.092702   -0.125280   -0.148853   
0.373671   0.403391   0.419568   0.416811   0.398411   0.369643   0.334603   0.296404   0.256495   0.215028   0.171984   0.127341   0.081166   0.033957   -0.013502   -0.060355   -0.105548   -0.146442   -0.178028   -0.196947   
0.467630   0.491221   0.493397   0.475644   0.444216   0.404331   0.359925   0.313319   0.265009   0.214965   0.163134   0.109501   0.054427   -0.001260   -0.056590   -0.110484   -0.160976   -0.203150   -0.231157   -0.245231   
0.563430   0.574223   0.560742   0.528983   0.485691   0.435777   0.382533   0.327313   0.270172   0.211031   0.149816   0.086703   0.022421   -0.041964   -0.105273   -0.166016   -0.220384   -0.261443   -0.284874   -0.294599   
0.655332   0.650836   0.622371   0.578101   0.524215   0.464988   0.402968   0.338766   0.272307   0.203489   0.132337   0.059333   -0.014460   -0.087760   -0.159139   -0.226175   -0.282762   -0.320905   -0.339718   -0.345971   
0.740479   0.720874   0.679425   0.624256   0.560745   0.492551   0.421550   0.347933   0.271622   0.192551   0.110971   0.027704   -0.055905   -0.138341   -0.217801   -0.290278   -0.347411   -0.381763   -0.396308   -0.400087   
0.817204   0.784900   0.732855   0.668268   0.595819   0.518782   0.438472   0.354981   0.268268   0.178423   0.085964   -0.007935   -0.101673   -0.193474   -0.280870   -0.357797   -0.414071   -0.444395   -0.455276   -0.457467   
0.886539   0.842734   0.783044   0.710500   0.629710   0.543818   0.453861   0.360028   0.262396   0.161293   0.057524   -0.047387   -0.151581   -0.252961   -0.348000   -0.428337   -0.482794   -0.509198   -0.517158   -0.518479   
0.952148   0.894950   0.829615   0.750952   0.662512   0.567724   0.467805   0.363182   0.254151   0.141318   0.025812   -0.090505   -0.205492   -0.316616   -0.418906   -0.501680   -0.553779   -0.576549   -0.582330   -0.583335   
1.016918   0.946593   0.872341   0.789316   0.694174   0.590534   0.480380   0.364545   0.243662   0.118629   -0.009047   -0.137176   -0.263298   -0.384273   -0.493367   -0.577767   -0.627268   -0.646792   -0.651048   -0.652094   
1.082075   0.999053   0.914225   0.825109   0.724515   0.612256   0.491649   0.364214   0.231031   0.093334   -0.046958   -0.187313   -0.324912   -0.455790   -0.571220   -0.656634   -0.703480   -0.720207   -0.723473   -0.724740   
1.148135   1.052528   0.956589   0.859148   0.753202   0.632867   0.501660   0.362268   0.216341   0.065515   -0.087846   -0.240850   -0.390254   -0.531052   -0.652366   -0.738362   -0.782602   -0.796994   -0.799711   -0.801230   
1.215346   1.107122   0.999754   0.893031   0.779866   0.652301   0.510448   0.358772   0.199660   0.035238   -0.131653   -0.297731   -0.459254   -0.609967   -0.736763   -0.823044   -0.864802   -0.877298   -0.879813   -0.881514   
1.283826   1.162909   1.043893   0.927229   0.805039   0.670428   0.518039   0.353778   0.181042   0.002556   -0.178332   -0.357913   -0.531848   -0.692461   -0.824406   -0.910776   -0.950235   -0.961221   -0.963777   -0.965550   


# Torque coefficient

0.002832   0.004298   0.005761   0.007216   0.008657   0.010086   0.011542   0.013105   0.014878   0.016938   0.019275   0.021762   0.024197   0.026314   0.027810   0.028453   0.028188   0.027121   0.025444   0.023324   
0.005266   0.007226   0.009163   0.011118   0.013196   0.015535   0.018258   0.021369   0.024690   0.027918   0.030646   0.032390   0.032870   0.032150   0.030501   0.028228   0.025546   0.022555   0.019281   0.015722   
0.008269   0.010846   0.013590   0.016677   0.020262   0.024345   0.028650   0.032716   0.035866   0.037435   0.037303   0.035817   0.033408   0.030448   0.027141   0.023535   0.019624   0.015396   0.010855   0.006047   
0.011995   0.015708   0.019953   0.024861   0.030220   0.035465   0.039696   0.041945   0.042012   0.040401   0.037671   0.034295   0.030552   0.026493   0.022106   0.017370   0.012279   0.006870   0.001214   -0.004592   
0.016940   0.022357   0.028567   0.035138   0.041134   0.045228   0.046614   0.045692   0.043183   0.039687   0.035674   0.031323   0.026626   0.021559   0.016104   0.010260   0.004080   -0.002348   -0.008915   -0.015405   
0.023372   0.030838   0.038602   0.045351   0.049525   0.050563   0.049184   0.046185   0.042203   0.037721   0.032880   0.027660   0.022037   0.015981   0.009490   0.002623   -0.004527   -0.011845   -0.019102   -0.025666   
0.031269   0.040242   0.047971   0.052721   0.054000   0.052629   0.049480   0.045235   0.040424   0.035224   0.029615   0.023565   0.017034   0.010006   0.002537   -0.005281   -0.013331   -0.021411   -0.028902   -0.034858   
0.039749   0.048750   0.054630   0.056749   0.055854   0.052910   0.048655   0.043684   0.038273   0.032419   0.026079   0.019208   0.011770   0.003802   -0.004608   -0.013344   -0.022241   -0.030799   -0.038007   -0.043148   
0.047307   0.054807   0.058367   0.058470   0.056148   0.052215   0.047318   0.041867   0.035925   0.029447   0.022383   0.014681   0.006346   -0.002549   -0.011890   -0.021530   -0.031144   -0.039826   -0.046444   -0.050985   
0.052640   0.058191   0.059891   0.058696   0.055515   0.051034   0.045763   0.039918   0.033476   0.026384   0.018582   0.010041   0.000808   -0.009016   -0.019291   -0.029807   -0.039933   -0.048435   -0.054491   -0.058731   
0.055361   0.059307   0.059843   0.057960   0.054366   0.049621   0.044108   0.037908   0.030978   0.023260   0.014705   0.005317   -0.004824   -0.015590   -0.026809   -0.038130   -0.048560   -0.056725   -0.062400   -0.066652   
0.055548   0.058581   0.058679   0.056609   0.052924   0.048095   0.042405   0.035870   0.028449   0.020091   0.010768   0.000520   -0.010547   -0.022274   -0.034441   -0.046465   -0.057020   -0.064862   -0.070373   -0.074917   
0.053284   0.056327   0.056660   0.054828   0.051293   0.046504   0.040675   0.033816   0.025899   0.016887   0.006781   -0.004347   -0.016362   -0.029076   -0.042180   -0.054801   -0.065369   -0.072994   -0.078568   -0.083628   
0.048937   0.052557   0.053880   0.052687   0.049516   0.044861   0.038926   0.031753   0.023331   0.013652   0.002745   -0.009287   -0.022278   -0.036005   -0.050021   -0.063140   -0.073688   -0.081241   -0.087095   -0.092845   
0.043900   0.047586   0.050284   0.050189   0.047605   0.043168   0.037162   0.029680   0.020748   0.010386   -0.001343   -0.014305   -0.028306   -0.043067   -0.057961   -0.071505   -0.082061   -0.089698   -0.096019   -0.102597   
0.039065   0.042795   0.045959   0.047283   0.045546   0.041424   0.035383   0.027600   0.018149   0.007089   -0.005487   -0.019411   -0.034453   -0.050266   -0.066005   -0.079929   -0.090561   -0.098434   -0.105381   -0.112888   
0.034354   0.038291   0.041688   0.043915   0.043310   0.039623   0.033587   0.025511   0.015534   0.003755   -0.009695   -0.024613   -0.040730   -0.057607   -0.074162   -0.088454   -0.099247   -0.107501   -0.115203   -0.123712   
0.029707   0.033972   0.037646   0.040346   0.040843   0.037755   0.031771   0.023411   0.012899   0.000380   -0.013971   -0.029917   -0.047143   -0.065095   -0.082442   -0.097115   -0.108163   -0.116932   -0.125497   -0.135062   
0.025091   0.029776   0.033793   0.036897   0.038105   0.035807   0.029933   0.021299   0.010240   -0.003040   -0.018323   -0.035331   -0.053699   -0.072737   -0.090864   -0.105948   -0.117346   -0.126748   -0.136270   -0.146930   
0.020485   0.025663   0.030093   0.033601   0.035242   0.033761   0.028067   0.019170   0.007554   -0.006511   -0.022756   -0.040862   -0.060403   -0.080539   -0.099443   -0.114980   -0.126824   -0.136963   -0.147518   -0.159312   

