1
#1
$1 102
  0.000000000000000e+00  3.618706445227680e+03  -8.680701284762279e-06  -2.877977454245276e-08  2.013785961834362e+00  2.013779259745972e+00  -8.979107644876726e+01  -9.555484680612525e-06  -4.286637620529801e-08  7.678774511350315e+09  2.237958116109494e+03  0.000000000000000e+00  0.000000000000000e+00  0.000000000000000e+00  -5.800601194075564e+04  7.679418349879709e+09  0.000000000000000e+00  0.000000000000000e+00  0.000000000000000e+00  -1.693286036327894e+02  5.249256699888297e+10  9.585659628953945e+02  9.860400521320058e+01  0.000000000000000e+00  2.128588130910505e+11  1.122481506574953e+02  0.000000000000000e+00  2.128571696179682e+11  0.000000000000000e+00  1.244740993301046e+11
  1.378000000000034e+00  3.616063270648259e+03  2.076022272980468e-03  3.064802724427201e-05  2.014509749826540e+00  2.013093374276966e+00  8.705216801052315e-01  1.905842272365385e-03  2.834844113301145e-05  7.679757343633745e+09  -9.814584952444737e+04  0.000000000000000e+00  0.000000000000000e+00  0.000000000000000e+00  2.182496340422981e+05  7.648237995670238e+09  0.000000000000000e+00  0.000000000000000e+00  0.000000000000000e+00  7.053613424458258e+07  5.245753482307455e+10  -7.348669364430139e-05  7.715397188509232e-04  0.000000000000000e+00  2.128560428309590e+11  -6.425432214914692e-04  0.000000000000000e+00  2.125839567350171e+11  0.000000000000000e+00  1.242379638859087e+11
  2.756000000000274e+00  3.618878578574445e+03  -1.286491706491144e-05  4.634341525697096e-06  2.013830650469571e+00  2.013711430103618e+00  -9.093225045644036e+01  -3.454310666578162e-05  4.644197484317111e-06  7.679212091937834e+09  1.699047729674872e+04  0.000000000000000e+00  0.000000000000000e+00  0.000000000000000e+00  -2.808458786962501e+05  7.679395526428852e+09  0.000000000000000e+00  0.000000000000000e+00  0.000000000000000e+00  -4.781509096603655e+03  5.249611687929816e+10  4.609039785852225e-04  -1.167466543394517e-04  0.000000000000000e+00  2.128868641430969e+11  1.210222198306523e-04  0.000000000000000e+00  2.128529372745969e+11  0.000000000000000e+00  1.244760269224004e+11
  4.134000000013910e+00  3.070936063824638e+03  5.261220588906159e-02  8.207034548675085e-03  2.024988982532530e+00  2.004277464458742e+00  -1.026904848786310e+02  5.114566558266292e-02  8.182748288575894e-03  6.384991560753004e+09  -2.330498770524903e+07  0.000000000000000e+00  0.000000000000000e+00  0.000000000000000e+00  -1.767483178640138e+08  6.589635100105860e+09  0.000000000000000e+00  0.000000000000000e+00  0.000000000000000e+00  -5.359897573183134e+07  4.455568628166733e+10  1.563731964393911e-04  -4.840231911311959e-04  0.000000000000000e+00  1.828045990941243e+11  -1.069868800608851e-04  0.000000000000000e+00  1.788715558323286e+11  0.000000000000000e+00  1.052240026934303e+11
  5.512000000094759e+00  2.025929904362102e+03  1.061387616471368e-01  2.909508460232535e-02  2.084995593790598e+00  1.960303605772667e+00  -9.694222066881045e+01  9.245397647905511e-02  2.902723238580308e-02  3.956963628668394e+09  -1.519024132784966e+07  0.000000000000000e+00  0.000000000000000e+00  0.000000000000000e+00  -4.407376073810812e+08  4.461000928698480e+09  0.000000000000000e+00  0.000000000000000e+00  0.000000000000000e+00  -1.219873958210721e+08  2.947799867789595e+10  8.759848106105744e-04  8.317618641521464e-04  0.000000000000000e+00  1.288662209957684e+11  -1.497989023459089e-04  0.000000000000000e+00  1.127458018765377e+11  0.000000000000000e+00  6.818485297030737e+10
  6.890000000263615e+00  1.661474522535251e+03  3.584115182082280e-02  5.641058176222823e-02  1.953447302588540e+00  1.987000125943474e+00  1.862006984682721e+01  1.411582201652779e-01  1.306504999321779e-01  3.078017039700514e+09  -1.858030166353609e+08  0.000000000000000e+00  0.000000000000000e+00  0.000000000000000e+00  8.706363628712392e+07  3.111920264076194e+09  0.000000000000000e+00  0.000000000000000e+00  0.000000000000000e+00  2.513348637352734e+08  3.215560197158890e+10  -6.791313678381211e+01  -5.261333042920761e+01  0.000000000000000e+00  1.579138384585944e+11  1.431622204793969e+02  0.000000000000000e+00  9.915531143651453e+10  0.000000000000000e+00  4.474218079011876e+10
  8.268000001045994e+00  1.459474509354367e+03  -1.288761282962064e-02  6.089678969584776e-02  1.899604055519249e+00  2.007193894004287e+00  2.141422488218183e+01  1.269316885234672e-01  1.183563958259243e-01  2.417075026809502e+09  -2.087634881850753e+08  0.000000000000000e+00  0.000000000000000e+00  0.000000000000000e+00  -3.578170453243673e+07  2.424662472646263e+09  0.000000000000000e+00  0.000000000000000e+00  0.000000000000000e+00  4.309592233665260e+08  3.048759759632565e+10  1.399462477400794e-03  1.699613495513159e-03  0.000000000000000e+00  1.455329223754535e+11  -1.110307337078680e-03  0.000000000000000e+00  9.035982031421684e+10  0.000000000000000e+00  3.310109572003642e+10
  9.646000003516592e+00  1.339009816153731e+03  -7.116324137566882e-02  6.453621771509641e-02  1.861066403361601e+00  2.010335295984370e+00  2.636763383312397e+01  1.171254269659598e-01  1.036701056730221e-01  1.905637249606118e+09  -2.051534595116943e+08  0.000000000000000e+00  0.000000000000000e+00  0.000000000000000e+00  -1.115012189660139e+08  1.976697416980297e+09  0.000000000000000e+00  0.000000000000000e+00  0.000000000000000e+00  5.569445902343334e+08  3.006452801257788e+10  -6.225079623864417e-04  -8.330423658630712e-04  0.000000000000000e+00  1.351323128703160e+11  -1.374761858724087e-03  0.000000000000000e+00  8.790026775743770e+10  0.000000000000000e+00  2.487232794617071e+10
  1.102400000795416e+01  1.218068813970105e+03  -9.200188725234493e-02  6.750424910048236e-02  1.847303639166056e+00  1.978319054397917e+00  3.110278476423348e+01  1.594852151429355e-01  1.005103544917397e-01  1.499784461750753e+09  -1.715287532849283e+08  0.000000000000000e+00  0.000000000000000e+00  0.000000000000000e+00  -5.086673198594922e+07  1.651889082412662e+09  0.000000000000000e+00  0.000000000000000e+00  0.000000000000000e+00  4.992345898418249e+08  2.949234312356601e+10  -3.613510362149082e-04  -2.570007037650001e-03  0.000000000000000e+00  1.248089424325987e+11  -1.015034470341941e-03  0.000000000000000e+00  8.361302205522894e+10  0.000000000000000e+00  1.890561319777350e+10
  1.240200001949918e+01  1.116053598632528e+03  -1.277635660463032e-01  6.469011429963126e-02  1.882195472897376e+00  1.907268080795885e+00  3.872247029263465e+01  2.012054315148833e-01  9.882524352703284e-02  1.150955381067878e+09  -1.056620168258704e+08  0.000000000000000e+00  0.000000000000000e+00  0.000000000000000e+00  3.707503095427054e+07  1.391320009476353e+09  0.000000000000000e+00  0.000000000000000e+00  0.000000000000000e+00  4.014390845257905e+08  2.910126395058088e+10  -1.425095871914932e-04  4.572346619069209e-04  0.000000000000000e+00  1.152144130524831e+11  3.570029592395308e-04  0.000000000000000e+00  8.086657972515665e+10  0.000000000000000e+00  1.425789966300435e+10
  1.378000004096989e+01  1.032565826280985e+03  -1.335456456216867e-01  5.866262277907500e-02  1.969986675074918e+00  1.776399427327026e+00  -1.315650686085376e+02  2.700634064857461e-01  9.597407158405090e-02  9.063095210046016e+08  -3.687300243027061e+07  0.000000000000000e+00  0.000000000000000e+00  0.000000000000000e+00  -1.073411924724033e+08  1.178830325439001e+09  0.000000000000000e+00  0.000000000000000e+00  0.000000000000000e+00  -2.843179301282102e+08  2.878477954226498e+10  -9.309437161462711e-04  -1.528105660387228e-03  0.000000000000000e+00  1.067656195641487e+11  -3.606256284257415e-05  0.000000000000000e+00  7.679430742747397e+10  0.000000000000000e+00  1.088443813614600e+10
  1.515800007699923e+01  9.556519846197767e+02  -7.732766798982327e-02  5.198372878049004e-02  2.017004421653618e+00  1.671132727297604e+00  -1.260588631108425e+02  3.896235367675058e-01  9.227884963025056e-02  7.539740159580606e+08  -2.823533811865793e+06  0.000000000000000e+00  0.000000000000000e+00  0.000000000000000e+00  -1.180819429479177e+08  1.010194123447440e+09  0.000000000000000e+00  0.000000000000000e+00  0.000000000000000e+00  -1.826289777618942e+08  2.825682729729576e+10  1.056247459043612e-03  -1.223391054786001e-04  0.000000000000000e+00  9.785862950369102e+10  -1.496304572382012e-04  0.000000000000000e+00  6.980327887108247e+10  0.000000000000000e+00  8.594252229689838e+09
  1.653600014663144e+01  8.934960026806123e+02  -2.677047931049226e-02  4.970564121782872e-02  2.089427378283252e+00  1.530475570274416e+00  -1.192120269203422e+02  4.912077861305522e-01  8.506047399572750e-02  6.380950038971181e+08  2.984992872015678e+07  0.000000000000000e+00  0.000000000000000e+00  0.000000000000000e+00  -1.329439525524341e+08  8.586414007391437e+08  0.000000000000000e+00  0.000000000000000e+00  0.000000000000000e+00  -1.494908995990376e+08  2.791281558075964e+10  -1.073126176034009e-03  -9.644968851359982e-04  0.000000000000000e+00  9.119852593063472e+10  -7.714748196616002e-04  0.000000000000000e+00  6.321610585764600e+10  0.000000000000000e+00  6.532871603821807e+09
  1.791400025224452e+01  8.617753309692797e+02  2.452844425803624e-02  4.675630043594494e-02  2.154614425450081e+00  1.393487471829632e+00  -1.128895200903577e+02  5.776746784493153e-01  7.724382645659907e-02  5.832531259810022e+08  3.963038170852293e+07  0.000000000000000e+00  0.000000000000000e+00  0.000000000000000e+00  -1.444168881681467e+08  7.871489316023879e+08  0.000000000000000e+00  0.000000000000000e+00  0.000000000000000e+00  -1.246158798196259e+08  2.787994615676380e+10  -1.064643550217024e-03  1.031634567097011e-04  0.000000000000000e+00  8.737831653786398e+10  8.923162354886362e-04  0.000000000000000e+00  5.772017067808478e+10  0.000000000000000e+00  5.457753170785290e+09
  1.929200042458363e+01  8.448412723372277e+02  8.956745007168065e-02  4.949000843085218e-02  2.193817248362014e+00  1.276962679167247e+00  -1.082656987482968e+02  6.620766404319334e-01  7.324493512013952e-02  5.532074684203845e+08  3.279554055205343e+07  0.000000000000000e+00  0.000000000000000e+00  0.000000000000000e+00  -1.561902651933200e+08  7.779590180730983e+08  0.000000000000000e+00  0.000000000000000e+00  0.000000000000000e+00  -1.141324068444039e+08  2.793873527597602e+10  9.644159345388560e-04  8.359195328142420e-04  0.000000000000000e+00  8.448626880980496e+10  1.787732997347422e-04  0.000000000000000e+00  5.247864342151910e+10  0.000000000000000e+00  4.822072787298598e+09
  2.067000069728445e+01  8.240815546015632e+02  1.708036349437958e-01  6.059995820063506e-02  2.205673183694767e+00  1.181223583172576e+00  -1.054576312005077e+02  7.509323645877354e-01  7.557096353448642e-02  5.195663942664021e+08  2.357315702774140e+07  0.000000000000000e+00  0.000000000000000e+00  0.000000000000000e+00  -1.714480197209808e+08  7.730801845439060e+08  0.000000000000000e+00  0.000000000000000e+00  0.000000000000000e+00  -1.189435256192969e+08  2.787589905841211e+10  3.293975537379097e-04  5.778656723557159e-04  0.000000000000000e+00  8.063879455835660e+10  -3.715662343716112e-04  0.000000000000000e+00  4.731481909967660e+10  0.000000000000000e+00  4.125253257383681e+09
  2.204800107868365e+01  8.049232708348123e+02  2.444450872688404e-01  6.618479260934605e-02  2.199275929212912e+00  1.115352680216039e+00  -1.040341449304687e+02  8.325141067576065e-01  7.463201282077023e-02  4.910646091602088e+08  1.585360647549748e+07  0.000000000000000e+00  0.000000000000000e+00  0.000000000000000e+00  -1.758702718956218e+08  7.672081480801849e+08  0.000000000000000e+00  0.000000000000000e+00  0.000000000000000e+00  -1.191019074443353e+08  2.781576284360873e+10  5.813500713979730e-04  1.745336116684158e-04  0.000000000000000e+00  7.656956692353928e+10  -6.463293735940681e-04  0.000000000000000e+00  4.329646577943994e+10  0.000000000000000e+00  3.587700096871315e+09
  2.342600166506960e+01  7.891672995520053e+02  3.049207283952940e-01  6.603449634248017e-02  2.190361987412486e+00  1.063302416802703e+00  -1.029618705794700e+02  9.023001144258351e-01  6.924609538424130e-02  4.680721026984875e+08  1.120794470572174e+07  0.000000000000000e+00  0.000000000000000e+00  0.000000000000000e+00  -1.748452533244564e+08  7.598185714051564e+08  0.000000000000000e+00  0.000000000000000e+00  0.000000000000000e+00  -1.149867481088422e+08  2.781746982283961e+10  -2.695349011114852e-04  1.058595083638747e-04  0.000000000000000e+00  7.321678017304796e+10  -2.555630202282308e-04  0.000000000000000e+00  4.022151876193650e+10  0.000000000000000e+00  3.188358141813055e+09
  2.480400248789297e+01  7.750279974155186e+02  3.604535751885912e-01  6.584932473622869e-02  2.177901607357510e+00  1.022860158342990e+00  -1.022310353594847e+02  9.649944039344681e-01  6.486390289070385e-02  4.497782722676687e+08  7.035145526599230e+06  0.000000000000000e+00  0.000000000000000e+00  0.000000000000000e+00  -1.723323188441597e+08  7.526346197738048e+08  0.000000000000000e+00  0.000000000000000e+00  0.000000000000000e+00  -1.107648832955151e+08  2.780063938795480e+10  -7.915112681430989e-04  -8.533212344514400e-05  0.000000000000000e+00  7.000829544652902e+10  3.954665442118681e-04  0.000000000000000e+00  3.778742466054478e+10  0.000000000000000e+00  2.871142800216836e+09
  2.618200360831780e+01  7.618661306539267e+02  4.093304968061929e-01  6.563783950700237e-02  2.163364493403261e+00  9.898820716080632e-01  -1.015993659945565e+02  1.019289165973297e+00  6.136862295996139e-02  4.357741213721549e+08  3.551881550091275e+06  0.000000000000000e+00  0.000000000000000e+00  0.000000000000000e+00  -1.694261343669561e+08  7.451980952890117e+08  0.000000000000000e+00  0.000000000000000e+00  0.000000000000000e+00  -1.057559442777870e+08  2.773050728561828e+10  -4.556521872391517e-04  5.967413406500096e-05  0.000000000000000e+00  6.690052131213905e+10  -8.650588457301435e-05  0.000000000000000e+00  3.582149123909943e+10  0.000000000000000e+00  2.620019102316577e+09
  2.756000520485032e+01  7.510386945287672e+02  4.421659029794633e-01  6.371380179835059e-02  2.154768362008900e+00  9.572394836939663e-01  -1.006154097994956e+02  1.060213145125827e+00  5.726037208899452e-02  4.242581434053193e+08  2.488611627495117e+06  0.000000000000000e+00  0.000000000000000e+00  0.000000000000000e+00  -1.665798105302696e+08  7.369874859917479e+08  0.000000000000000e+00  0.000000000000000e+00  0.000000000000000e+00  -9.855677708067358e+07  2.768279742132508e+10  3.528147883099400e-04  4.113192978641467e-04  0.000000000000000e+00  6.459167750013480e+10  1.164124066254866e-04  0.000000000000000e+00  3.415362685382260e+10  0.000000000000000e+00  2.428901445555909e+09
  2.893800729060396e+01  7.431542400662105e+02  4.550401548509799e-01  5.945692910946732e-02  2.156048530634200e+00  9.262597930963743e-01  -9.937594311366115e+01  1.085037785362971e+00  5.202826398127494e-02  4.146418429212142e+08  3.879523049129738e+06  0.000000000000000e+00  0.000000000000000e+00  0.000000000000000e+00  -1.633938110962590e+08  7.307360003058941e+08  0.000000000000000e+00  0.000000000000000e+00  0.000000000000000e+00  -9.079837062411630e+07  2.764898008226842e+10  3.053066226823061e-04  2.025327607921409e-05  0.000000000000000e+00  6.354057056241573e+10  -4.017258936685845e-05  0.000000000000000e+00  3.267930080280355e+10  0.000000000000000e+00  2.306476972056572e+09
  3.031601010675959e+01  7.349167795988291e+02  4.670141898709537e-01  5.576071319677784e-02  2.151938241429413e+00  9.010630990219742e-01  -9.846506220948918e+01  1.105715418049234e+00  4.735225021955309e-02  4.059406982417194e+08  4.375531230551880e+06  0.000000000000000e+00  0.000000000000000e+00  0.000000000000000e+00  -1.600425416124882e+08  7.252623768625469e+08  0.000000000000000e+00  0.000000000000000e+00  0.000000000000000e+00  -8.465827240824531e+07  2.757014475539827e+10  -1.945972326232954e-04  -1.380476531989984e-04  0.000000000000000e+00  6.226038751164349e+10  -5.696356511000500e-05  0.000000000000000e+00  3.131312937506953e+10  0.000000000000000e+00  2.196863591495938e+09
  3.169401384395187e+01  7.265348239207902e+02  4.778266807914658e-01  5.243251570467729e-02  2.143909078412107e+00  8.793076550240698e-01  -9.774044125740305e+01  1.122865959518972e+00  4.304304397892139e-02  3.978760754948525e+08  4.494161956145802e+06  0.000000000000000e+00  0.000000000000000e+00  0.000000000000000e+00  -1.564041685658044e+08  7.195671897846057e+08  0.000000000000000e+00  0.000000000000000e+00  0.000000000000000e+00  -7.951405246429554e+07  2.747696704669791e+10  -2.828419665951914e-04  -4.126431426364847e-04  0.000000000000000e+00  6.086578884858295e+10  -1.180872713736772e-05  0.000000000000000e+00  3.004905473661583e+10  0.000000000000000e+00  2.096978920447225e+09
  3.307201856403901e+01  7.183868504338069e+02  4.881932892958334e-01  4.969663562865119e-02  2.134164949151603e+00  8.610910391710378e-01  -9.717321354455592e+01  1.138321127767036e+00  3.957340668002032e-02  3.907427416844691e+08  4.473971633337989e+06  0.000000000000000e+00  0.000000000000000e+00  0.000000000000000e+00  -1.528080894924355e+08  7.140385183598211e+08  0.000000000000000e+00  0.000000000000000e+00  0.000000000000000e+00  -7.507677868510145e+07  2.737553083029544e+10  -2.876018309468490e-04  -2.440330097699601e-04  0.000000000000000e+00  5.948586092106341e+10  -5.614944660444766e-05  0.000000000000000e+00  2.893057086509748e+10  0.000000000000000e+00  2.009837622902268e+09
  3.445002478162760e+01  7.099238754339315e+02  4.976555668498313e-01  4.752788316802636e-02  2.121944089196813e+00  8.446054664949821e-01  -9.670330017031645e+01  1.151644246935976e+00  3.688586708599491e-02  3.839789032194738e+08  4.384993219081739e+06  0.000000000000000e+00  0.000000000000000e+00  0.000000000000000e+00  -1.490546514745363e+08  7.082446230679786e+08  0.000000000000000e+00  0.000000000000000e+00  0.000000000000000e+00  -7.097240535133316e+07  2.725161966250813e+10  2.744637680901794e-04  7.522058811879603e-05  0.000000000000000e+00  5.801954489093479e+10  -2.869114529258013e-04  0.000000000000000e+00  2.785660370388626e+10  0.000000000000000e+00  1.928512918474115e+09
  3.582803261835883e+01  7.012441250914492e+02  5.058969230230602e-01  4.587142355032358e-02  2.107412704198093e+00  8.293749054910305e-01  -9.629938131246234e+01  1.162445097269352e+00  3.482727789776648e-02  3.774287606168310e+08  4.248691205968969e+06  0.000000000000000e+00  0.000000000000000e+00  0.000000000000000e+00  -1.450749250293456e+08  7.021390708662640e+08  0.000000000000000e+00  0.000000000000000e+00  0.000000000000000e+00  -6.706172237776476e+07  2.711400149484445e+10  2.163329082461115e-04  9.150560031646611e-05  0.000000000000000e+00  5.646616871173053e+10  1.504159693145701e-04  0.000000000000000e+00  2.682459635287943e+10  0.000000000000000e+00  1.852143699048847e+09
  3.720604239513792e+01  6.924255931554262e+02  5.139394060634697e-01  4.437686789548625e-02  2.090404126453165e+00  8.155521010779784e-01  -9.597947163320033e+01  1.171359437845050e+00  3.298241251132788e-02  3.712966666072312e+08  3.810536547293477e+06  0.000000000000000e+00  0.000000000000000e+00  0.000000000000000e+00  -1.404727212624504e+08  6.961740459883960e+08  0.000000000000000e+00  0.000000000000000e+00  0.000000000000000e+00  -6.359254680953585e+07  2.696757269109104e+10  1.851520643226652e-05  9.934099051974556e-05  0.000000000000000e+00  5.477290311944352e+10  1.099100448018808e-04  0.000000000000000e+00  2.585312218083865e+10  0.000000000000000e+00  1.781977343288657e+09
  3.858405482798915e+01  6.835337731310727e+02  5.202084029911753e-01  4.298685507816381e-02  2.071989014680732e+00  8.021517681125340e-01  -9.568699847983493e+01  1.177308460537851e+00  3.128706047356164e-02  3.652077135511621e+08  3.455608028505049e+06  0.000000000000000e+00  0.000000000000000e+00  0.000000000000000e+00  -1.362900422766200e+08  6.898311592868299e+08  0.000000000000000e+00  0.000000000000000e+00  0.000000000000000e+00  -6.037492993777911e+07  2.681142809801237e+10  -3.291270305803482e-04  -2.247341773761784e-04  0.000000000000000e+00  5.308228565689761e+10  2.601293888861488e-04  0.000000000000000e+00  2.490546452557816e+10  0.000000000000000e+00  1.713569413179402e+09
  3.996206995978471e+01  6.745071062216779e+02  5.259115276357187e-01  4.167627959190733e-02  2.051739602872674e+00  7.891399134843285e-01  -9.541877513643688e+01  1.181154630099110e+00  2.970959450735470e-02  3.590693770014389e+08  3.072913531492713e+06  0.000000000000000e+00  0.000000000000000e+00  0.000000000000000e+00  -1.328310255872351e+08  6.833005212475128e+08  0.000000000000000e+00  0.000000000000000e+00  0.000000000000000e+00  -5.749631706333991e+07  2.665280621213659e+10  -4.225627994614993e-04  6.208262589507854e-05  0.000000000000000e+00  5.138855343802760e+10  6.338697152502703e-05  0.000000000000000e+00  2.398363309456919e+10  0.000000000000000e+00  1.643488543147835e+09
  4.134008875318467e+01  6.653826006406606e+02  5.306378177617455e-01  4.041811384358673e-02  2.030147505406947e+00  7.763777054787413e-01  -9.517812753013972e+01  1.183279082095453e+00  2.820858220927275e-02  3.530052909166307e+08  2.724526973145301e+06  0.000000000000000e+00  0.000000000000000e+00  0.000000000000000e+00  -1.286269994250953e+08  6.765005975837613e+08  0.000000000000000e+00  0.000000000000000e+00  0.000000000000000e+00  -5.449447383978614e+07  2.648697696589992e+10  3.963173028122922e-05  -2.210573067256344e-04  0.000000000000000e+00  4.964291809071181e+10  -1.309007665479311e-04  0.000000000000000e+00  2.307920676524685e+10  0.000000000000000e+00  1.579639596973379e+09
  4.271811179727274e+01  6.559314928339637e+02  5.341413530031470e-01  3.922334059044211e-02  2.006842096458021e+00  7.638213784346135e-01  -9.496058989108539e+01  1.183673750675496e+00  2.680901005048861e-02  3.463847464430883e+08  2.193714325538380e+06  0.000000000000000e+00  0.000000000000000e+00  0.000000000000000e+00  -1.231500286673265e+08  6.694911464499029e+08  0.000000000000000e+00  0.000000000000000e+00  0.000000000000000e+00  -5.171475291106123e+07  2.631571714052390e+10  -1.983730426862548e-04  -3.289290869944229e-05  0.000000000000000e+00  4.785072271038706e+10  2.942492911759614e-05  0.000000000000000e+00  2.218809131906617e+10  0.000000000000000e+00  1.510487880124130e+09
  4.409613935808319e+01  6.466686130631687e+02  5.381224894138097e-01  3.799574716846831e-02  1.982558366361914e+00  7.510580287350047e-01  -9.475059264459297e+01  1.183378197383082e+00  2.538653643123369e-02  3.401009368409761e+08  1.765478375461392e+06  0.000000000000000e+00  0.000000000000000e+00  0.000000000000000e+00  -1.192531088304153e+08  6.625429834308596e+08  0.000000000000000e+00  0.000000000000000e+00  0.000000000000000e+00  -4.914128610437968e+07  2.615294069852433e+10  -7.637760243776724e-05  -6.250381811345030e-05  0.000000000000000e+00  4.607163381479669e+10  -1.710050043467979e-04  0.000000000000000e+00  2.130834352086983e+10  0.000000000000000e+00  1.446013605059531e+09
  4.547417309805564e+01  6.373689434200453e+02  5.419327132044574e-01  3.675642511750069e-02  1.956887555547267e+00  7.382071699569944e-01  -9.455147466516109e+01  1.182038734640166e+00  2.395504833943802e-02  3.337115726735451e+08  1.336236232649066e+06  0.000000000000000e+00  0.000000000000000e+00  0.000000000000000e+00  -1.153254633917684e+08  6.554716126046391e+08  0.000000000000000e+00  0.000000000000000e+00  0.000000000000000e+00  -4.671993180477445e+07  2.599581990227043e+10  1.418353898543527e-04  3.059075324696619e-05  0.000000000000000e+00  4.429506684401873e+10  1.533479580364470e-04  0.000000000000000e+00  2.044128969262505e+10  0.000000000000000e+00  1.382503171426010e+09
  4.685221331214876e+01  6.280790783293371e+02  5.445325414103225e-01  3.549501355140161e-02  1.930573786906966e+00  7.250809486021769e-01  -9.435179376194725e+01  1.178919226113154e+00  2.250881141675521e-02  3.271118580423944e+08  9.111307802595430e+05  0.000000000000000e+00  0.000000000000000e+00  0.000000000000000e+00  -1.116899145154015e+08  6.481717045597253e+08  0.000000000000000e+00  0.000000000000000e+00  0.000000000000000e+00  -4.455916446697373e+07  2.583587038547470e+10  1.486721391524487e-04  -1.749955169488921e-04  0.000000000000000e+00  4.254821185284755e+10  1.819810362233138e-04  0.000000000000000e+00  1.957757083605027e+10  0.000000000000000e+00  1.318877517777893e+09
  4.823026110176693e+01  6.183825651469385e+02  5.472645259628039e-01  3.420638588123682e-02  1.902391474801455e+00  7.118660007738240e-01  -9.417652559928662e+01  1.174964611980244e+00  2.102709262696601e-02  3.204098340131115e+08  4.438869043037456e+05  0.000000000000000e+00  0.000000000000000e+00  0.000000000000000e+00  -1.073622375856473e+08  6.410327496896304e+08  0.000000000000000e+00  0.000000000000000e+00  0.000000000000000e+00  -4.220723930145561e+07  2.565848968699114e+10  6.918357444532227e-06  1.184770566153442e-04  0.000000000000000e+00  4.068886680802103e+10  -1.309355034638252e-04  0.000000000000000e+00  1.871066037688929e+10  0.000000000000000e+00  1.258026026300478e+09
  4.960831839534879e+01  6.086138843097203e+02  5.487693686653368e-01  3.290940127487142e-02  1.873552056751878e+00  6.983008846872620e-01  -9.399004285259585e+01  1.169003927327590e+00  1.955803223886996e-02  3.135136714422885e+08  6.529408305952878e+04  0.000000000000000e+00  0.000000000000000e+00  0.000000000000000e+00  -1.035322647354582e+08  6.337547972750325e+08  0.000000000000000e+00  0.000000000000000e+00  0.000000000000000e+00  -4.005498314066535e+07  2.547565382800222e+10  -6.151349272308365e-04  -1.777495235819172e-04  0.000000000000000e+00  3.890181968295220e+10  -2.032875581231091e-04  0.000000000000000e+00  1.784607373690026e+10  0.000000000000000e+00  1.196570577198685e+09
  5.098638531811945e+01  5.987991828697369e+02  5.497054571847790e-01  3.158431893363736e-02  1.844455343740782e+00  6.844094282329168e-01  -9.379587271665496e+01  1.162083383910407e+00  1.805797979227201e-02  3.064431519182349e+08  -2.469956599890417e+05  0.000000000000000e+00  0.000000000000000e+00  0.000000000000000e+00  -1.000494291502873e+08  6.264728772712312e+08  0.000000000000000e+00  0.000000000000000e+00  0.000000000000000e+00  -3.803208577066718e+07  2.528439715121972e+10  -2.746652141701258e-04  1.707268581401177e-04  0.000000000000000e+00  3.717533974161311e+10  1.159123016201169e-04  0.000000000000000e+00  1.698477045104519e+10  0.000000000000000e+00  1.135090247987638e+09
  5.236446459800514e+01  5.887115683639522e+02  5.506094481064853e-01  3.023066616411444e-02  1.814692000528472e+00  6.702648158385055e-01  -9.360657831794519e+01  1.155057753149252e+00  1.655377625959693e-02  2.992849604018131e+08  -5.275560271434872e+05  0.000000000000000e+00  0.000000000000000e+00  0.000000000000000e+00  -9.635533073727179e+07  6.191376440947715e+08  0.000000000000000e+00  0.000000000000000e+00  0.000000000000000e+00  -3.600444077793328e+07  2.507743487322391e+10  5.526355308647073e-05  -1.177397345894974e-05  0.000000000000000e+00  3.543641320392896e+10  -6.065304978362020e-05  0.000000000000000e+00  1.612371040538497e+10  0.000000000000000e+00  1.075730479743831e+09
  5.374255756222874e+01  5.782955281554101e+02  5.503901091469572e-01  2.886906361948145e-02  1.784310935778086e+00  6.559577992123123e-01  -9.341744060393704e+01  1.146851381570108e+00  1.503263116702129e-02  2.914461288706466e+08  -8.096721385109725e+05  0.000000000000000e+00  0.000000000000000e+00  0.000000000000000e+00  -9.146219611289489e+07  6.116378013429301e+08  0.000000000000000e+00  0.000000000000000e+00  0.000000000000000e+00  -3.392782874193164e+07  2.485473648265546e+10  -1.971186074155960e-04  -1.366720644553596e-04  0.000000000000000e+00  3.371915520123011e+10  -5.217173261603646e-05  0.000000000000000e+00  1.526960475428923e+10  0.000000000000000e+00  1.014448145373632e+09
  5.512066505103146e+01  5.677732920624431e+02  5.501999531623784e-01  2.752653533195694e-02  1.753050458585996e+00  6.414880159588954e-01  -9.323255829792818e+01  1.137588092237063e+00  1.353396950946360e-02  2.840324717965000e+08  -1.005901451866068e+06  0.000000000000000e+00  0.000000000000000e+00  0.000000000000000e+00  -8.786608536311604e+07  6.042564996742032e+08  0.000000000000000e+00  0.000000000000000e+00  0.000000000000000e+00  -3.195548072291370e+07  2.461538021385872e+10  3.835381655166898e-04  -8.482360307443094e-05  0.000000000000000e+00  3.200511832774194e+10  -3.733432071440085e-06  0.000000000000000e+00  1.442787509318533e+10  0.000000000000000e+00  9.580975457987419e+08
  5.649879113779872e+01  5.570590999671792e+02  5.496363004323712e-01  2.724642679320928e-02  1.721114385104620e+00  6.269678687419408e-01  -9.301989572881313e+01  1.126889931864913e+00  1.340130773527981e-02  2.766903703855231e+08  -1.154803853697671e+06  0.000000000000000e+00  0.000000000000000e+00  0.000000000000000e+00  -8.452958175009060e+07  5.961273305515484e+08  0.000000000000000e+00  0.000000000000000e+00  0.000000000000000e+00  -3.022851646372184e+07  2.436090821390157e+10  -1.813304143764190e-04  2.796921869878406e-05  0.000000000000000e+00  3.033911201143971e+10  2.086727713975870e-04  0.000000000000000e+00  1.360667289674693e+10  0.000000000000000e+00  9.032510361412793e+08
  5.787693636376516e+01  5.463692846143821e+02  5.480846171574427e-01  2.697812169734592e-02  1.689429186309280e+00  6.122867760201580e-01  -9.280961051456151e+01  1.115626840039301e+00  1.323416629553910e-02  2.692562754217983e+08  -1.289184284334456e+06  0.000000000000000e+00  0.000000000000000e+00  0.000000000000000e+00  -8.136440038125634e+07  5.889340203070968e+08  0.000000000000000e+00  0.000000000000000e+00  0.000000000000000e+00  -2.851589610356199e+07  2.409333108804243e+10  -1.386139643460184e-04  6.575864590460376e-05  0.000000000000000e+00  2.871462769136233e+10  7.932946316369281e-05  0.000000000000000e+00  1.280381736008295e+10  0.000000000000000e+00  8.499739147471287e+08
  5.925510368778983e+01  5.356904941878753e+02  5.458797549402297e-01  2.669918867545007e-02  1.657998854698806e+00  5.974509859619582e-01  -9.258447659090623e+01  1.103504510909126e+00  1.308171069423701e-02  2.617896127708562e+08  -1.304177860001004e+06  0.000000000000000e+00  0.000000000000000e+00  0.000000000000000e+00  -7.847943083527699e+07  5.817604584584111e+08  0.000000000000000e+00  0.000000000000000e+00  0.000000000000000e+00  -2.691678861844260e+07  2.382085793511229e+10  3.924404864053228e-05  1.160612036210811e-04  0.000000000000000e+00  2.721684936391518e+10  2.235074645497605e-05  0.000000000000000e+00  1.202165984103441e+10  0.000000000000000e+00  7.983892532585623e+08
  6.063329720049390e+01  5.248788426589937e+02  5.438094200576992e-01  2.642801754720327e-02  1.626166787697608e+00  5.825883874610744e-01  -9.236808530866892e+01  1.091387024335178e+00  1.293291277311415e-02  2.543465500994025e+08  -1.320900547920464e+06  0.000000000000000e+00  0.000000000000000e+00  0.000000000000000e+00  -7.554993530650607e+07  5.747219640512556e+08  0.000000000000000e+00  0.000000000000000e+00  0.000000000000000e+00  -2.534874570489024e+07  2.353371522935734e+10  -1.479312184454961e-04  -6.918384149572190e-05  0.000000000000000e+00  2.572351726379720e+10  1.622191324130748e-05  0.000000000000000e+00  1.126136971285516e+10  0.000000000000000e+00  7.490904186138375e+08
  6.201151725935274e+01  5.139418713810765e+02  5.414953132381300e-01  2.612674219041791e-02  1.593676602076615e+00  5.678745287477875e-01  -9.216169166439416e+01  1.078538828932204e+00  1.276649316727530e-02  2.468825158496487e+08  -1.333144179703019e+06  0.000000000000000e+00  0.000000000000000e+00  0.000000000000000e+00  -7.272271834848920e+07  5.678279102624865e+08  0.000000000000000e+00  0.000000000000000e+00  0.000000000000000e+00  -2.385509483985507e+07  2.323450462805267e+10  4.127383850843095e-05  2.753335818893670e-05  0.000000000000000e+00  2.424612144394934e+10  6.276578251046137e-06  0.000000000000000e+00  1.053109638064260e+10  0.000000000000000e+00  7.010863702468847e+08
  6.338977013402459e+01  5.031043907950643e+02  5.377007852851465e-01  2.583421684217445e-02  1.561476423283752e+00  5.531278406565961e-01  -9.194771606386551e+01  1.063924126180286e+00  1.260192169726534e-02  2.394809489251802e+08  -1.258359064823850e+06  0.000000000000000e+00  0.000000000000000e+00  0.000000000000000e+00  -6.989799654860289e+07  5.609816353868444e+08  0.000000000000000e+00  0.000000000000000e+00  0.000000000000000e+00  -2.245838061499106e+07  2.292902583109420e+10  -8.205772468403316e-06  5.432116441340122e-05  0.000000000000000e+00  2.287487738222150e+10  7.097918831808766e-05  0.000000000000000e+00  9.829127534032030e+09  0.000000000000000e+00  6.565310409929432e+08
  6.476805827678945e+01  4.921644914793639e+02  5.339872310160593e-01  2.549739916250797e-02  1.528966725880468e+00  5.385172374880673e-01  -9.174339941514053e+01  1.049195841799789e+00  1.238751897459695e-02  2.320887697682732e+08  -1.149572312937868e+06  0.000000000000000e+00  0.000000000000000e+00  0.000000000000000e+00  -6.725231092978284e+07  5.541731459093958e+08  0.000000000000000e+00  0.000000000000000e+00  0.000000000000000e+00  -2.103896257198825e+07  2.261060879318523e+10  -1.725443007490971e-04  1.056054545340482e-04  0.000000000000000e+00  2.152876118955509e+10  1.135103776128088e-04  0.000000000000000e+00  9.156499152038305e+09  0.000000000000000e+00  6.132597813330537e+08
  6.614638373365545e+01  4.811337691872457e+02  5.311544076265201e-01  2.514940393113523e-02  1.496207701620551e+00  5.241278523729928e-01  -9.154563066225062e+01  1.035064155117812e+00  1.220931246222602e-02  2.248820198058162e+08  -1.058000228375341e+06  0.000000000000000e+00  0.000000000000000e+00  0.000000000000000e+00  -6.452358542470908e+07  5.467948034370675e+08  0.000000000000000e+00  0.000000000000000e+00  0.000000000000000e+00  -1.979820561897772e+07  2.228251035975202e+10  -1.751604941162410e-03  -9.848002271724258e-05  0.000000000000000e+00  2.020823733120401e+10  -1.835862290538819e-04  0.000000000000000e+00  8.516037555007792e+09  0.000000000000000e+00  5.724202512233424e+08
  6.752475481233085e+01  4.701935285272752e+02  5.272441866866764e-01  2.480697425105430e-02  1.464042546696646e+00  5.097922604630267e-01  -9.134956464131109e+01  1.020296266891157e+00  1.201005026238489e-02  2.176950596480887e+08  -9.087440568257099e+05  0.000000000000000e+00  0.000000000000000e+00  0.000000000000000e+00  -6.203615328152646e+07  5.403856783547719e+08  0.000000000000000e+00  0.000000000000000e+00  0.000000000000000e+00  -1.857044260427197e+07  2.194613493289396e+10  -7.736691300983487e-05  -8.140711389920751e-06  0.000000000000000e+00  1.897827165810700e+10  2.823695949868870e-05  0.000000000000000e+00  7.904873639536185e+09  0.000000000000000e+00  5.333459515631346e+08
  6.890317329450652e+01  4.593975624405859e+02  5.226558832706043e-01  2.445675046632453e-02  1.432012496896211e+00  4.956651456581755e-01  -9.115566493928971e+01  1.004384785015293e+00  1.179951792388028e-02  2.106683410838438e+08  -7.288044346835419e+05  0.000000000000000e+00  0.000000000000000e+00  0.000000000000000e+00  -5.974617101310427e+07  5.341965771717415e+08  0.000000000000000e+00  0.000000000000000e+00  0.000000000000000e+00  -1.748352313097073e+07  2.160665674767076e+10  -2.693056299914351e-05  -3.310590442592920e-05  0.000000000000000e+00  1.783191648041033e+10  -6.235344729430353e-05  0.000000000000000e+00  7.328648449383236e+09  0.000000000000000e+00  4.966881937346315e+08
  7.028164521964109e+01  4.438226707294427e+02  5.341741633240180e-01  2.325226339697643e-02  1.392564850690644e+00  4.842458370456394e-01  -9.095740523661931e+01  9.899067383696685e-01  1.148077858656293e-02  1.961187471790862e+08  -1.573268340346119e+05  0.000000000000000e+00  0.000000000000000e+00  0.000000000000000e+00  -7.325391391063368e+07  5.283000278417890e+08  0.000000000000000e+00  0.000000000000000e+00  0.000000000000000e+00  -1.586004997695683e+07  2.123626873341623e+10  -4.655292491514537e-05  -4.180955192976374e-05  0.000000000000000e+00  1.662592698828954e+10  2.017759902820718e-05  0.000000000000000e+00  6.786101475193312e+09  0.000000000000000e+00  4.273157542901573e+08
  7.166017718933905e+01  4.334999344485914e+02  5.279472134804490e-01  2.292748567859952e-02  1.360396696053568e+00  4.704580320888567e-01  -9.077770667070605e+01  9.729703862873844e-01  1.126566586931527e-02  1.899775104288926e+08  9.944624679898450e+04  0.000000000000000e+00  0.000000000000000e+00  0.000000000000000e+00  -6.960434865245467e+07  5.227272989850660e+08  0.000000000000000e+00  0.000000000000000e+00  0.000000000000000e+00  -1.480489126197393e+07  2.088257583471371e+10  -3.791347144993743e-05  1.545762783587197e-05  0.000000000000000e+00  1.556349856616277e+10  4.163022079245447e-05  0.000000000000000e+00  6.275899710036968e+09  0.000000000000000e+00  3.979099486979219e+08
  7.303877077462971e+01  4.232228607878470e+02  5.218073660396303e-01  2.257744630404588e-02  1.328627348363109e+00  4.570065599701333e-01  -9.060424538945574e+01  9.562889395634736e-01  1.101798578506215e-02  1.839680811460152e+08  4.032822542987771e+05  0.000000000000000e+00  0.000000000000000e+00  0.000000000000000e+00  -6.608554272470915e+07  5.170955468270128e+08  0.000000000000000e+00  0.000000000000000e+00  0.000000000000000e+00  -1.371070681331722e+07  2.052027859750663e+10  -4.770045630931769e-05  5.903475306383985e-05  0.000000000000000e+00  1.454300734857922e+10  -9.963667177516685e-06  0.000000000000000e+00  5.798154492477473e+09  0.000000000000000e+00  3.705764617064633e+08
  7.441743804516793e+01  4.129955027794780e+02  5.153639953116321e-01  2.259781751400411e-02  1.297391975104819e+00  4.438472384148781e-01  -9.042682135596306e+01  9.394403044705847e-01  1.125002489099646e-02  1.780630408171311e+08  7.395530380725343e+05  0.000000000000000e+00  0.000000000000000e+00  0.000000000000000e+00  -6.281315960783116e+07  5.116315420748092e+08  0.000000000000000e+00  0.000000000000000e+00  0.000000000000000e+00  -1.276845107233607e+07  2.015280618136895e+10  -1.265814700735983e-04  2.014867844751742e-05  0.000000000000000e+00  1.359597426742522e+10  4.881788560043299e-06  0.000000000000000e+00  5.350459035107822e+09  0.000000000000000e+00  3.447792939523774e+08
  7.579618524775651e+01  4.028272312249678e+02  5.089538625334799e-01  2.277665830428378e-02  1.266405978217583e+00  4.310293762691720e-01  -9.025472892135475e+01  9.225021116221686e-01  1.168492715661804e-02  1.722681313451186e+08  1.074965557042840e+06  0.000000000000000e+00  0.000000000000000e+00  0.000000000000000e+00  -5.965273097448321e+07  5.065398250630783e+08  0.000000000000000e+00  0.000000000000000e+00  0.000000000000000e+00  -1.196255423783685e+07  1.977784833604707e+10  -1.087637861112556e-04  5.602143358517498e-05  0.000000000000000e+00  1.269388662957709e+10  3.238495523949136e-05  0.000000000000000e+00  4.932799657686369e+09  0.000000000000000e+00  3.206163752122793e+08
  7.717501378004391e+01  3.927722574618192e+02  5.019748118470650e-01  2.290639397928636e-02  1.235753552690217e+00  4.186221385694323e-01  -9.008805843032444e+01  9.048303806402380e-01  1.207228461441083e-02  1.666992239747683e+08  1.444236501307950e+06  0.000000000000000e+00  0.000000000000000e+00  0.000000000000000e+00  -5.663242362515078e+07  5.015251895674016e+08  0.000000000000000e+00  0.000000000000000e+00  0.000000000000000e+00  -1.125267043616421e+07  1.940001598749168e+10  -1.571134814236112e-05  -1.349597045502879e-05  0.000000000000000e+00  1.185279346507560e+10  1.411013123466849e-05  0.000000000000000e+00  4.546008014625530e+09  0.000000000000000e+00  2.984348481201453e+08
  7.855394034107954e+01  3.826965010382128e+02  4.947173699969006e-01  2.299823086501159e-02  1.205123844306287e+00  4.066284959177814e-01  -8.992543648457558e+01  8.868380690759928e-01  1.239209523977137e-02  1.612632274440605e+08  1.857330421719698e+06  0.000000000000000e+00  0.000000000000000e+00  0.000000000000000e+00  -5.368999634129122e+07  4.968842232768571e+08  0.000000000000000e+00  0.000000000000000e+00  0.000000000000000e+00  -1.056573497149993e+07  1.901264840604032e+10  -7.448012562805497e-05  -3.566457592807388e-06  0.000000000000000e+00  1.103819494809465e+10  2.132152882525824e-05  0.000000000000000e+00  4.186768187826079e+09  0.000000000000000e+00  2.776735358894240e+08
  7.993296983313562e+01  3.727677736423225e+02  4.871329288521388e-01  2.304398039338724e-02  1.175092264284238e+00  3.949987506335769e-01  -8.977089086687201e+01  8.686335186677903e-01  1.267626362609717e-02  1.560110369370046e+08  2.280312573978843e+06  0.000000000000000e+00  0.000000000000000e+00  0.000000000000000e+00  -5.089763380012716e+07  4.924416121734921e+08  0.000000000000000e+00  0.000000000000000e+00  0.000000000000000e+00  -9.931872882631760e+06  1.862264686868946e+10  1.051347126977732e-04  -1.208145468960525e-05  0.000000000000000e+00  1.027682667485104e+10  -5.091024035132349e-06  0.000000000000000e+00  3.854256596846408e+09  0.000000000000000e+00  2.584122096251523e+08
  8.131210627624390e+01  3.631308689500192e+02  4.794243727534199e-01  2.310704709210360e-02  1.146108811703220e+00  3.837227096328865e-01  -8.962103485693585e+01  8.506495128750702e-01  1.300474541923683e-02  1.505637006876848e+08  2.725971745580456e+06  0.000000000000000e+00  0.000000000000000e+00  0.000000000000000e+00  -4.931159675638176e+07  4.882351585837148e+08  0.000000000000000e+00  0.000000000000000e+00  0.000000000000000e+00  -9.329529241283346e+06  1.823495566522897e+10  -9.201356696709838e-01  4.415917484909834e-02  0.000000000000000e+00  9.571170866012909e+09  8.082962328673893e-01  0.000000000000000e+00  3.547996803982417e+09  0.000000000000000e+00  2.381956747631839e+08
  8.269137059588620e+01  3.536758078205406e+02  4.710307023177482e-01  2.318499463735561e-02  1.118015336065045e+00  3.727680327341700e-01  -8.947864577936359e+01  8.322565854716689e-01  1.336455763800831e-02  1.461020527241805e+08  3.204193091447558e+06  0.000000000000000e+00  0.000000000000000e+00  0.000000000000000e+00  -4.582611814661740e+07  4.839858249360334e+08  0.000000000000000e+00  0.000000000000000e+00  0.000000000000000e+00  -8.699166930730533e+06  1.784839474752562e+10  6.916433096511982e-05  -1.257859718145700e-05  0.000000000000000e+00  8.932282205711248e+09  3.268763567648911e-07  0.000000000000000e+00  3.264847034614994e+09  0.000000000000000e+00  2.242284533519941e+08
  8.407076581141698e+01  3.444886401614461e+02  4.624038946423502e-01  2.324417013819565e-02  1.090859510361322e+00  3.621702593613560e-01  -8.934378154031440e+01  8.138656857662473e-01  1.370967307178509e-02  1.414407128574933e+08  3.683133747530047e+06  0.000000000000000e+00  0.000000000000000e+00  0.000000000000000e+00  -4.354604299183057e+07  4.798560436598074e+08  0.000000000000000e+00  0.000000000000000e+00  0.000000000000000e+00  -8.090453570883440e+06  1.746255264469335e+10  -3.213865094090337e-06  3.555276729108678e-06  0.000000000000000e+00  8.337676344848885e+09  -1.732881393922889e-06  0.000000000000000e+00  3.004517484004329e+09  0.000000000000000e+00  2.091064751914203e+08
  8.545030082596620e+01  3.355921141609253e+02  4.529546839164398e-01  2.328647817834206e-02  1.064765589947496e+00  3.519459654736281e-01  -8.921955619405931e+01  7.949058791646881e-01  1.403977605551446e-02  1.369814665785110e+08  4.143188264961699e+06  0.000000000000000e+00  0.000000000000000e+00  0.000000000000000e+00  -4.140631534572552e+07  4.758422214179625e+08  0.000000000000000e+00  0.000000000000000e+00  0.000000000000000e+00  -7.551637712026034e+06  1.707866117560750e+10  6.245784442919032e-05  9.120391192235915e-06  0.000000000000000e+00  7.794399165884713e+09  1.043232723711778e-05  0.000000000000000e+00  2.766069815300541e+09  0.000000000000000e+00  1.952276312631773e+08
  8.682999918184572e+01  3.268762754420907e+02  4.425543960717903e-01  2.333060533483277e-02  1.039477406616042e+00  3.420703471140558e-01  -8.910433094040842e+01  7.752705144749957e-01  1.438017075836231e-02  1.326467314851936e+08  4.600005791431480e+06  0.000000000000000e+00  0.000000000000000e+00  0.000000000000000e+00  -3.933095380093290e+07  4.718197412232779e+08  0.000000000000000e+00  0.000000000000000e+00  0.000000000000000e+00  -7.044223091289661e+06  1.669411895648413e+10  1.588381495242236e-05  -1.356564778453050e-05  0.000000000000000e+00  7.291686930542130e+09  -8.528198896889562e-08  0.000000000000000e+00  2.546799709555527e+09  0.000000000000000e+00  1.823160329010451e+08
  8.820986211693544e+01  3.182660631721176e+02  4.322172921795779e-01  2.333611001192728e-02  1.014707219253975e+00  3.326317772844580e-01  -8.899627014954454e+01  7.557685862109667e-01  1.466844352413932e-02  1.285119591469662e+08  5.062316849722907e+06  0.000000000000000e+00  0.000000000000000e+00  0.000000000000000e+00  -3.737974120458109e+07  4.679333273272846e+08  0.000000000000000e+00  0.000000000000000e+00  0.000000000000000e+00  -6.559697392909626e+06  1.630574644552595e+10  2.224079539886576e-05  3.770880745542733e-06  0.000000000000000e+00  6.818270587890742e+09  5.403177861872618e-06  0.000000000000000e+00  2.345714664042452e+09  0.000000000000000e+00  1.704536047908690e+08
  8.958990665736749e+01  3.096336864402667e+02  4.223256804293071e-01  2.329267860577408e-02  9.901476782751736e-01  3.236411262322437e-01  -8.889381228186970e+01  7.367516635857676e-01  1.488277423824254e-02  1.245376713032909e+08  5.543347574940661e+06  0.000000000000000e+00  0.000000000000000e+00  0.000000000000000e+00  -3.550466117101737e+07  4.641652815606639e+08  0.000000000000000e+00  0.000000000000000e+00  0.000000000000000e+00  -6.090915327051850e+06  1.591017834171707e+10  3.866906723967630e-05  -1.871760562139514e-06  0.000000000000000e+00  6.365655102382950e+09  3.980647977370549e-06  0.000000000000000e+00  2.160658890545770e+09  0.000000000000000e+00  1.594183140441257e+08
  9.097015597211244e+01  3.010238542004730e+02  4.122302614494152e-01  2.320453663875460e-02  9.661525176941925e-01  3.150326586692661e-01  -8.879908698726472e+01  7.177976484538504e-01  1.504493776485565e-02  1.206686086706877e+08  6.015040869777680e+06  0.000000000000000e+00  0.000000000000000e+00  0.000000000000000e+00  -3.368201869923052e+07  4.603440175772535e+08  0.000000000000000e+00  0.000000000000000e+00  0.000000000000000e+00  -5.669775432378454e+06  1.550829711761449e+10  -5.188990357388220e-05  5.644519573040229e-06  0.000000000000000e+00  5.939275172120536e+09  5.295169557598101e-06  0.000000000000000e+00  1.990134496762800e+09  0.000000000000000e+00  1.491295737325373e+08
  9.235061045578600e+01  2.925153808282740e+02  4.020613424823292e-01  2.308540633011798e-02  9.428582471084840e-01  3.068479769914333e-01  -8.870713975005349e+01  6.989621465604340e-01  1.515367466882060e-02  1.169215877765026e+08  6.506803666452910e+06  0.000000000000000e+00  0.000000000000000e+00  0.000000000000000e+00  -3.213081320079798e+07  4.567305292346029e+08  0.000000000000000e+00  0.000000000000000e+00  0.000000000000000e+00  -5.260306322593929e+06  1.510197632789103e+10  1.265482074095869e-03  -5.687965115046975e-05  0.000000000000000e+00  5.538212509710993e+09  6.703442267995904e-05  0.000000000000000e+00  1.833959128825318e+09  0.000000000000000e+00  1.393411226704197e+08
  9.373129860480918e+01  2.839981796568935e+02  3.919239514987005e-01  2.295793214094359e-02  9.197111759661484e-01  2.990663956362092e-01  -8.861801837079560e+01  6.800610175078151e-01  1.522974514104931e-02  1.134477384848091e+08  7.028866698161592e+06  0.000000000000000e+00  0.000000000000000e+00  0.000000000000000e+00  -3.028325799757523e+07  4.529618204058200e+08  0.000000000000000e+00  0.000000000000000e+00  0.000000000000000e+00  -4.868135221240924e+06  1.468928929152078e+10  -6.326788056709389e-06  -2.547855508593245e-05  0.000000000000000e+00  5.159927218566118e+09  -3.678499457150694e-06  0.000000000000000e+00  1.690279775729199e+09  0.000000000000000e+00  1.308817109509857e+08
  9.511223955294879e+01  2.755663614360294e+02  3.811702950836880e-01  2.278576467134267e-02  8.976472705666181e-01  2.916082740102587e-01  -8.853525681317488e+01  6.610608597097911e-01  1.525834459803454e-02  1.099266903462510e+08  7.530842418076772e+06  0.000000000000000e+00  0.000000000000000e+00  0.000000000000000e+00  -2.852484148439421e+07  4.492312552499189e+08  0.000000000000000e+00  0.000000000000000e+00  0.000000000000000e+00  -4.575160572860906e+06  1.427155443925978e+10  8.192600357072187e-06  -3.205657298297734e-06  0.000000000000000e+00  4.808105074359593e+09  5.880216542588153e-07  0.000000000000000e+00  1.557876787546811e+09  0.000000000000000e+00  1.225311038511446e+08
  9.649343568055609e+01  2.671786614883210e+02  3.707474227985962e-01  2.257906208502796e-02  8.759974319525560e-01  2.845580911954712e-01  -8.845487560693448e+01  6.423746340661327e-01  1.523971340864787e-02  1.066719414616407e+08  8.044956806705121e+06  0.000000000000000e+00  0.000000000000000e+00  0.000000000000000e+00  -2.703220452885235e+07  4.453303869345498e+08  0.000000000000000e+00  0.000000000000000e+00  0.000000000000000e+00  -4.211993974978302e+06  1.384761735821504e+10  -1.994366467333413e-05  -3.792095983297939e-06  0.000000000000000e+00  4.475142603866127e+09  -6.266198073493162e-06  0.000000000000000e+00  1.436387256869768e+09  0.000000000000000e+00  1.150297175296469e+08
  9.787492686283947e+01  2.586973982803735e+02  3.606399364206703e-01  2.232395707604300e-02  8.547409419906595e-01  2.778634761637030e-01  -8.837421315301356e+01  6.240671046714998e-01  1.518285139759283e-02  1.034930028136935e+08  8.572258129859144e+06  0.000000000000000e+00  0.000000000000000e+00  0.000000000000000e+00  -2.554480572693421e+07  4.413795136743990e+08  0.000000000000000e+00  0.000000000000000e+00  0.000000000000000e+00  -3.900269026214145e+06  1.341346801703975e+10  -9.581445021188750e-06  1.447105867752464e-06  0.000000000000000e+00  4.156387568657395e+09  8.330292884698475e-07  0.000000000000000e+00  1.323856264967939e+09  0.000000000000000e+00  1.079421769013564e+08
  9.925672725503279e+01  2.502576432778810e+02  3.506482269073434e-01  2.206143657673576e-02  8.342679597970336e-01  2.714752402108470e-01  -8.829320796018381e+01  6.060373467017205e-01  1.511085355935394e-02  1.004714192538766e+08  9.105418913941916e+06  0.000000000000000e+00  0.000000000000000e+00  0.000000000000000e+00  -2.416266714816185e+07  4.373135590821173e+08  0.000000000000000e+00  0.000000000000000e+00  0.000000000000000e+00  -3.645906926783985e+06  1.297330958041653e+10  -3.383191977005067e-05  6.519613952705881e-06  0.000000000000000e+00  3.857438053337376e+09  9.720891099152963e-06  0.000000000000000e+00  1.219852202557618e+09  0.000000000000000e+00  1.013979560875547e+08
  1.006388443728309e+02  2.419006388450836e+02  3.404347459624956e-01  2.176635327493184e-02  8.148441276888008e-01  2.653944444008917e-01  -8.821742743984640e+01  5.882158368756674e-01  1.500036122707536e-02  9.741877818907481e+07  9.582527583475122e+06  0.000000000000000e+00  0.000000000000000e+00  0.000000000000000e+00  -2.307947744574608e+07  4.329878300770872e+08  0.000000000000000e+00  0.000000000000000e+00  0.000000000000000e+00  -3.457694753502454e+06  1.252875168876003e+10  -2.453331683227458e-05  1.114049133174361e-05  0.000000000000000e+00  3.579297337085078e+09  3.841399363685437e-06  0.000000000000000e+00  1.124029633367970e+09  0.000000000000000e+00  9.491113995510362e+07
  1.020213276920523e+02  2.334836412686182e+02  3.308743963327009e-01  2.145059509689314e-02  7.956820156438482e-01  2.595975652631636e-01  -8.813813664937844e+01  5.709745371802964e-01  1.487743716899571e-02  9.472683702532709e+07  1.008475363651995e+07  0.000000000000000e+00  0.000000000000000e+00  0.000000000000000e+00  -2.167130336620563e+07  4.283800837629170e+08  0.000000000000000e+00  0.000000000000000e+00  0.000000000000000e+00  -3.240689488372568e+06  1.207704406830090e+10  -6.616954333273682e-05  -1.257884406452057e-05  0.000000000000000e+00  3.313144972076323e+09  3.840817412963272e-05  0.000000000000000e+00  1.034895100146422e+09  0.000000000000000e+00  8.949929094124159e+07
  1.034041861400121e+02  2.250818600961432e+02  3.213587190650463e-01  2.117728867156522e-02  7.771220966126686e-01  2.540304907810478e-01  -8.805965714861551e+01  5.538972934098020e-01  1.480264182358689e-02  9.195189093026341e+07  1.056970813795782e+07  0.000000000000000e+00  0.000000000000000e+00  0.000000000000000e+00  -2.054215730556407e+07  4.233697702345669e+08  0.000000000000000e+00  0.000000000000000e+00  0.000000000000000e+00  -3.084496103502855e+06  1.162098814316463e+10  2.435316103910867e-05  -1.307225594768528e-05  0.000000000000000e+00  3.064804697736003e+09  -1.002509578364742e-05  0.000000000000000e+00  9.519939704792963e+08  0.000000000000000e+00  8.401582023390903e+07
  1.047874367758019e+02  2.167189177154729e+02  3.120577727841725e-01  2.088247586577140e-02  7.588319490515752e-01  2.487168990722099e-01  -8.798473814919217e+01  5.370022603955057e-01  1.469243833428559e-02  8.940123835285237e+07  1.103847796949576e+07  0.000000000000000e+00  0.000000000000000e+00  0.000000000000000e+00  -1.922808433207310e+07  4.179020062621661e+08  0.000000000000000e+00  0.000000000000000e+00  0.000000000000000e+00  -2.883778122132140e+06  1.116178729431579e+10  3.971409864350132e-06  -4.928591554961434e-06  0.000000000000000e+00  2.830231832479307e+09  -2.061371168142378e-06  0.000000000000000e+00  8.751703160225526e+08  0.000000000000000e+00  7.923807005434947e+07
  1.061711349706029e+02  2.090245868713590e+02  3.031577655391432e-01  2.058439827027753e-02  7.412762707217643e-01  2.435326318275979e-01  -8.791945983914195e+01  5.201768860097359e-01  1.458542335504575e-02  8.726689898634754e+07  1.154802219459903e+07  0.000000000000000e+00  0.000000000000000e+00  0.000000000000000e+00  -1.853771428005886e+07  4.149364686651098e+08  0.000000000000000e+00  0.000000000000000e+00  0.000000000000000e+00  -2.717227191084558e+06  1.070844391449683e+10  1.149924793409799e-05  4.234106128698453e-06  0.000000000000000e+00  2.616026188983592e+09  1.695589605886128e-06  0.000000000000000e+00  8.039582429557238e+08  0.000000000000000e+00  7.521119251167116e+07
  1.075552848329759e+02  2.007611125976490e+02  2.935666696933606e-01  2.029419750254436e-02  7.245220077449381e-01  2.384424174382828e-01  -8.786144648864659e+01  5.035493654520838e-01  1.449048244403728e-02  8.468443162237173e+07  1.184113260638720e+07  0.000000000000000e+00  0.000000000000000e+00  0.000000000000000e+00  -1.744787920235038e+07  4.081955293611038e+08  0.000000000000000e+00  0.000000000000000e+00  0.000000000000000e+00  -2.562228082663001e+06  1.024248030241793e+10  6.952273766904146e-06  -4.668299815510130e-06  0.000000000000000e+00  2.411418076094241e+09  -2.208110826483478e-06  0.000000000000000e+00  7.364946776700321e+08  0.000000000000000e+00  7.065343835655139e+07
  1.089399190176183e+02  1.925779264776065e+02  2.838279486124208e-01  2.002351260109741e-02  7.085701800034143e-01  2.334008959449773e-01  -8.781633894199348e+01  4.871557954449634e-01  1.441469119114912e-02  8.200010561703226e+07  1.200993213491753e+07  0.000000000000000e+00  0.000000000000000e+00  0.000000000000000e+00  -1.658597222051385e+07  4.007401014533640e+08  0.000000000000000e+00  0.000000000000000e+00  0.000000000000000e+00  -2.427742564932929e+06  9.773653812223318e+09  -8.046496748465802e-06  7.266148899860628e-07  0.000000000000000e+00  2.220577505909977e+09  -2.765468280881750e-06  0.000000000000000e+00  6.730383345563784e+08  0.000000000000000e+00  6.607887322736578e+07
  1.103250926168759e+02  1.850115721019994e+02  2.746925231074206e-01  1.978094697825638e-02  6.930364606178023e-01  2.283036495981312e-01  -8.779184399814679e+01  4.708783351277319e-01  1.436248528699148e-02  7.993854862562053e+07  1.216941930134978e+07  0.000000000000000e+00  0.000000000000000e+00  0.000000000000000e+00  -1.590147521451866e+07  3.952922589752527e+08  0.000000000000000e+00  0.000000000000000e+00  0.000000000000000e+00  -2.221597686095433e+06  9.311258953669775e+09  -7.501452092868726e-04  3.102090748470430e-05  0.000000000000000e+00  2.046824571858564e+09  -4.025620875518286e-06  0.000000000000000e+00  6.137225517355045e+08  0.000000000000000e+00  6.260157257913882e+07
  1.117108064190178e+02  1.769158316222950e+02  2.649546615254631e-01  1.958770114340696e-02  6.780105202064043e-01  2.232887224062348e-01  -8.777844131643396e+01  4.546655869492669e-01  1.434844946214533e-02  7.745245666764571e+07  1.205699366860202e+07  0.000000000000000e+00  0.000000000000000e+00  0.000000000000000e+00  -1.481277770239502e+07  3.859309595941963e+08  0.000000000000000e+00  0.000000000000000e+00  0.000000000000000e+00  -2.070969787880104e+06  8.839179065903208e+09  -1.024231164786254e-05  -5.614088206630342e-06  0.000000000000000e+00  1.880965927048318e+09  -6.208669081535289e-08  0.000000000000000e+00  5.573733514871032e+08  0.000000000000000e+00  5.876673202463286e+07
  1.130971161141968e+02  1.688528225191421e+02  2.543312245869815e-01  1.944272735807104e-02  6.639711371926835e-01  2.181454110827772e-01  -8.778594909551688e+01  4.382956831187736e-01  1.441359538037240e-02  7.475726403838681e+07  1.178530990607356e+07  0.000000000000000e+00  0.000000000000000e+00  0.000000000000000e+00  -1.389016630736817e+07  3.757352129722256e+08  0.000000000000000e+00  0.000000000000000e+00  0.000000000000000e+00  -1.926385843606045e+06  8.362169099054631e+09  -1.394877892114930e-05  -6.055358466152755e-07  0.000000000000000e+00  1.726270660757333e+09  1.455318195665921e-06  0.000000000000000e+00  5.036855011460712e+08  0.000000000000000e+00  5.479571252399817e+07
  1.144840678651992e+02  1.608326599418764e+02  2.446016245560499e-01  1.937884970420813e-02  6.497472129279465e-01  2.129230978819615e-01  -8.780780986283614e+01  4.222580243752793e-01  1.456401000519369e-02  7.210553195489864e+07  1.137636864306420e+07  0.000000000000000e+00  0.000000000000000e+00  0.000000000000000e+00  -1.295905562009630e+07  3.644188542651399e+08  0.000000000000000e+00  0.000000000000000e+00  0.000000000000000e+00  -1.763174446928727e+06  7.885690569125812e+09  -1.806783772470384e-06  9.839834752090002e-06  0.000000000000000e+00  1.579736613998939e+09  1.897200902440034e-06  0.000000000000000e+00  4.528847491685362e+08  0.000000000000000e+00  5.108807423270755e+07
  1.158716646284896e+02  1.530731208671860e+02  2.348724333027280e-01  1.936255627266871e-02  6.358012509035065e-01  2.075557736846690e-01  -8.784578691917775e+01  4.065259034437747e-01  1.476825991052286e-02  6.939088279595365e+07  1.088635451808603e+07  0.000000000000000e+00  0.000000000000000e+00  0.000000000000000e+00  -1.209380283942269e+07  3.529631430374566e+08  0.000000000000000e+00  0.000000000000000e+00  0.000000000000000e+00  -1.611010997810150e+06  7.424901436261528e+09  -2.475909279490798e-06  -3.256769000232071e-06  0.000000000000000e+00  1.443476613068211e+09  4.438760220424172e-07  0.000000000000000e+00  4.055781666588452e+08  0.000000000000000e+00  4.745240552139566e+07
  1.172599857184404e+02  1.455990861405965e+02  2.254910832295643e-01  1.944885417195167e-02  6.219795881762423e-01  2.019653680314140e-01  -8.789772487521414e+01  3.911748040840610e-01  1.509920305468731e-02  6.658870302513808e+07  1.031683929079253e+07  0.000000000000000e+00  0.000000000000000e+00  0.000000000000000e+00  -1.125141784495682e+07  3.412372354353054e+08  0.000000000000000e+00  0.000000000000000e+00  0.000000000000000e+00  -1.476882148535621e+06  6.984012044678376e+09  4.497190569721127e-07  -5.597941352801171e-07  0.000000000000000e+00  1.317398348014956e+09  -6.600130509332554e-07  0.000000000000000e+00  3.615227614477105e+08  0.000000000000000e+00  4.390713465173797e+07
  1.186490652762348e+02  1.382518308971422e+02  2.160663631524633e-01  1.961225494616213e-02  6.084905816436356e-01  1.960927309311277e-01  -8.797003014631390e+01  3.760086080736851e-01  1.553758065063867e-02  6.368620662731552e+07  9.632047687331103e+06  0.000000000000000e+00  0.000000000000000e+00  0.000000000000000e+00  -1.042055091405052e+07  3.289497973596298e+08  0.000000000000000e+00  0.000000000000000e+00  0.000000000000000e+00  -1.351429038663046e+06  6.550962480272599e+09  2.856198770353890e-06  1.601633187750827e-06  0.000000000000000e+00  1.199955369774878e+09  4.709572390565173e-07  0.000000000000000e+00  3.199819848621878e+08  0.000000000000000e+00  4.042448454222883e+07
  1.200389146753236e+02  1.307984013872594e+02  2.070784471634838e-01  1.984713493893528e-02  5.946523415749440e-01  1.899692225029598e-01  -8.806277686250094e+01  3.611778624236601e-01  1.605238655767359e-02  6.062462290343044e+07  8.836589986751655e+06  0.000000000000000e+00  0.000000000000000e+00  0.000000000000000e+00  -9.609858246362137e+06  3.156570135973998e+08  0.000000000000000e+00  0.000000000000000e+00  0.000000000000000e+00  -1.227781669079894e+06  6.113577836160224e+09  3.891255641844435e-06  1.464640963610444e-06  0.000000000000000e+00  1.086658267927404e+09  -2.384859090582676e-07  0.000000000000000e+00  2.804855184456896e+08  0.000000000000000e+00  3.696822090134958e+07
  1.214296328062589e+02  1.231639343209058e+02  1.976742312399999e-01  2.022482234012351e-02  5.810451714489125e-01  1.834594225653011e-01  -8.817274491322168e+01  3.463139850645609e-01  1.673868619177480e-02  5.730062958873392e+07  7.925195683442807e+06  0.000000000000000e+00  0.000000000000000e+00  0.000000000000000e+00  -8.740238702649128e+06  3.009189326039083e+08  0.000000000000000e+00  0.000000000000000e+00  0.000000000000000e+00  -1.130348066756546e+06  5.675122609745836e+09  1.436121990314161e-06  -2.729781651500352e-06  0.000000000000000e+00  9.792314321950651e+08  -4.353299660411720e-07  0.000000000000000e+00  2.430215189222590e+08  0.000000000000000e+00  3.344241556553836e+07
  1.228212416665581e+02  1.158440766209949e+02  1.894740581128102e-01  2.065274792926362e-02  5.671708136383063e-01  1.764568032927397e-01  -8.831735664125679e+01  3.318389928693464e-01  1.751276341178608e-02  5.406252369630008e+07  6.933704004521120e+06  0.000000000000000e+00  0.000000000000000e+00  0.000000000000000e+00  -8.045191518297534e+06  2.866075709286201e+08  0.000000000000000e+00  0.000000000000000e+00  0.000000000000000e+00  -1.020575172257762e+06  5.234708660119858e+09  3.080246891334080e-06  -2.765963957172667e-06  0.000000000000000e+00  8.778801057769780e+08  1.589229883226833e-06  0.000000000000000e+00  2.076572676602163e+08  0.000000000000000e+00  3.017260842767198e+07
  1.242137687030983e+02  1.077771548876425e+02  1.804070227479542e-01  2.116195370640797e-02  5.533819974642111e-01  1.691081923650318e-01  -8.848544668468489e+01  3.173446706178359e-01  1.833383624485069e-02  5.077777169039471e+07  5.715987552578680e+06  0.000000000000000e+00  0.000000000000000e+00  0.000000000000000e+00  -7.187845702780820e+06  2.691806244248115e+08  0.000000000000000e+00  0.000000000000000e+00  0.000000000000000e+00  -9.650616665223939e+05  4.762360357770808e+09  -1.996980479793660e-06  1.715838504523302e-06  0.000000000000000e+00  7.770899604451826e+08  -3.052127422340261e-07  0.000000000000000e+00  1.737189315508970e+08  0.000000000000000e+00  2.671682554343751e+07
  1.256073250931160e+02  9.939752051476542e+01  1.718037363912261e-01  2.174618033626702e-02  5.393643660039398e-01  1.611854003319583e-01  -8.868001041722798e+01  3.026628174945760e-01  1.927917495019337e-02  4.688643319542143e+07  4.541374910363359e+06  0.000000000000000e+00  0.000000000000000e+00  0.000000000000000e+00  -6.406415899197535e+06  2.507593667923318e+08  0.000000000000000e+00  0.000000000000000e+00  0.000000000000000e+00  -8.929938437981708e+05  4.267032236730959e+09  -6.023188345536468e-06  8.932347873054191e-08  0.000000000000000e+00  6.787542346917124e+08  3.966979176281367e-07  0.000000000000000e+00  1.416712034339603e+08  0.000000000000000e+00  2.330215426119792e+07
  1.270019217444342e+02  9.049257140417058e+01  1.627553388487559e-01  2.226155391062696e-02  5.243802664630250e-01  1.530141091009240e-01  -8.888559341796946e+01  2.876231609024987e-01  2.015015599880651e-02  4.264251159939320e+07  3.392251876394851e+06  0.000000000000000e+00  0.000000000000000e+00  0.000000000000000e+00  -5.544696317937190e+06  2.302175831139309e+08  0.000000000000000e+00  0.000000000000000e+00  0.000000000000000e+00  -8.534385325049311e+05  3.767036986617950e+09  -1.020091596957168e-06  3.213299166352270e-06  0.000000000000000e+00  5.826323349525492e+08  -6.653423242061056e-07  0.000000000000000e+00  1.127524424270012e+08  0.000000000000000e+00  1.987069016763092e+07
  1.283976065394473e+02  8.063922328825829e+01  1.527782903163166e-01  2.273901115396304e-02  5.107079106871598e-01  1.443435470349502e-01  -8.912067528567117e+01  2.717688656661003e-01  2.095364945919148e-02  3.803002458821707e+07  2.205680713133994e+06  0.000000000000000e+00  0.000000000000000e+00  0.000000000000000e+00  -4.703290815649999e+06  2.064334609288321e+08  0.000000000000000e+00  0.000000000000000e+00  0.000000000000000e+00  -8.451112447189717e+05  3.215645850334716e+09  -4.150409144396960e-06  -4.337419808845054e-06  0.000000000000000e+00  4.877034375744749e+08  1.808270794369631e-07  0.000000000000000e+00  8.583191079012945e+07  0.000000000000000e+00  1.647077328885740e+07
  1.297944943631530e+02  6.915691459636963e+01  1.440277587962513e-01  2.305462030678027e-02  4.950554160834491e-01  1.355127973698764e-01  -8.936327465213998e+01  2.564480782058884e-01  2.159109053236817e-02  3.277468194756933e+07  1.157538487205852e+06  0.000000000000000e+00  0.000000000000000e+00  0.000000000000000e+00  -3.742095259816390e+06  1.778520661876541e+08  0.000000000000000e+00  0.000000000000000e+00  0.000000000000000e+00  -8.068485370700248e+05  2.622183390276806e+09  7.647823518856303e-06  -1.514360074660709e-06  0.000000000000000e+00  3.885698088924950e+08  7.947384793805142e-08  0.000000000000000e+00  6.170221385856951e+07  0.000000000000000e+00  1.299668092678576e+07
  1.311926150031915e+02  6.046993355513573e+01  1.396873053710590e-01  2.267156104118435e-02  4.715943871648939e-01  1.268199201681086e-01  -8.956111572468271e+01  2.452915323480127e-01  2.138768360387266e-02  2.797193712520861e+07  6.577473034611625e+05  0.000000000000000e+00  0.000000000000000e+00  0.000000000000000e+00  -2.737427166305869e+06  1.545057720199431e+08  0.000000000000000e+00  0.000000000000000e+00  0.000000000000000e+00  -7.449100006175288e+05  2.299525638994848e+09  -1.598623233804363e-02  -6.039646325208110e-03  0.000000000000000e+00  3.169576790822385e+08  -8.335399701581673e-03  0.000000000000000e+00  4.692303042039512e+07  0.000000000000000e+00  1.013421301982073e+07
  1.325921355594608e+02  4.881773414960903e+01  1.271169208188685e-01  2.158371522730919e-02  4.377480791155309e-01  1.215798190741987e-01  -8.932295584231711e+01  2.339464402196240e-01  2.045811492324737e-02  7.941217480145949e+06  3.755474200214043e+06  0.000000000000000e+00  0.000000000000000e+00  0.000000000000000e+00  -3.072278815009870e+06  1.327164533430868e+08  0.000000000000000e+00  0.000000000000000e+00  0.000000000000000e+00  -4.186603350508423e+05  2.033697799382253e+09  2.481612143155764e-02  -3.258128573828934e-02  0.000000000000000e+00  2.299639953620634e+08  -3.256775875542601e-03  0.000000000000000e+00  3.636840811818811e+07  0.000000000000000e+00  6.086470488355257e+06
  1.339930345475088e+02  3.830925174925632e+01  1.119150880732014e-01  1.992696595124597e-02  3.910727800132749e-01  1.115586835959659e-01  -8.831639626728807e+01  2.118805337815614e-01  1.906700471037139e-02  6.097379489984850e+06  4.444386508280980e+06  0.000000000000000e+00  0.000000000000000e+00  0.000000000000000e+00  -1.959572168259792e+06  1.058037905757236e+08  0.000000000000000e+00  0.000000000000000e+00  0.000000000000000e+00  -4.203837883403096e+05  1.539551990370479e+09  -1.408499914155551e-03  1.520283175047181e-02  0.000000000000000e+00  1.248178727332555e+08  5.338087264012898e-04  0.000000000000000e+00  2.382275340650830e+07  0.000000000000000e+00  3.711309539613308e+06
  1.353950320940853e+02  2.579182105077305e+01  8.915108183454770e-02  1.744548581124951e-02  3.339104120124046e-01  9.784222527682597e-02  -8.696506762615319e+01  1.768848717918149e-01  1.674739220057690e-02  4.174224491406200e+06  4.247259912285200e+06  0.000000000000000e+00  0.000000000000000e+00  0.000000000000000e+00  -1.048778106314602e+06  7.062865178762080e+07  0.000000000000000e+00  0.000000000000000e+00  0.000000000000000e+00  -3.362342806170823e+05  9.109067278531579e+08  -4.341741307958561e-03  -2.187924981707985e-03  0.000000000000000e+00  4.886165310690413e+07  1.943326764239815e-03  0.000000000000000e+00  1.115844139523095e+07  0.000000000000000e+00  1.814984363660260e+06
  1.367987738998550e+02  1.068870970218837e+01  1.761051910941164e-02  1.303576582472173e-02  2.591249058568919e-01  6.208388412387840e-02  -9.047751928254488e+01  1.587363476840245e-02  1.300547194783642e-02  1.896872633387469e+06  -2.958528269791081e+04  0.000000000000000e+00  0.000000000000000e+00  0.000000000000000e+00  -5.319371961585437e+05  3.368898876398624e+07  0.000000000000000e+00  0.000000000000000e+00  0.000000000000000e+00  -1.736805498928225e+05  1.428062896688564e+08  -9.216382816956444e-07  7.403838276638195e-07  0.000000000000000e+00  9.651719901118997e+06  -2.402695018228677e-08  0.000000000000000e+00  5.464957197943472e+05  0.000000000000000e+00  5.642941203509364e+05
  1.375012378567848e+02  7.100782798574585e+00  1.621399971872622e-02  9.900418459855474e-03  1.940332075663531e-01  4.691135536828997e-02  -9.052589848277300e+01  1.555665470021400e-02  9.889266244326364e-03  1.225667157960265e+06  -1.994373907631707e+04  0.000000000000000e+00  0.000000000000000e+00  0.000000000000000e+00  -2.640420675719591e+05  2.215900230919213e+07  0.000000000000000e+00  0.000000000000000e+00  0.000000000000000e+00  -8.084600226427588e+04  9.356203410369755e+07  -2.522349841399778e-07  -1.194978958706138e-08  0.000000000000000e+00  3.533241070701761e+06  1.352456422309926e-09  0.000000000000000e+00  2.045999616834317e+05  0.000000000000000e+00  2.093720346615487e+05
  1.382041098749691e+02  3.511230393495006e+00  1.351280051003285e-02  5.871307693725123e-03  1.110011705434098e-01  2.744300601253004e-02  -9.063637519113922e+01  1.340071222469813e-02  5.872036741151945e-03  5.508783968811198e+05  -9.533804526056274e+03  0.000000000000000e+00  0.000000000000000e+00  0.000000000000000e+00  -7.591286106769131e+04  1.081999288527521e+07  0.000000000000000e+00  0.000000000000000e+00  0.000000000000000e+00  -1.957771730860573e+04  4.543370210206866e+07  -3.255281717417597e-08  -1.083431080265684e-08  0.000000000000000e+00  5.595958183999544e+05  2.460080495424058e-09  0.000000000000000e+00  3.393019406319926e+04  0.000000000000000e+00  3.368943753877709e+04