  10 Wind speed [m/s]          Pitch [deg]   Pitch curve for IEA-22MW-280
3.000000000000000000e+00 5.806431467239905331e-01
4.000000000000000000e+00 3.379813498682122663e-01
5.000000000000000000e+00 9.149507526681371558e-03 
6.000000000000000000e+00 -3.379705817762347353e-01
7.000000000000000000e+00 -6.387933101063508756e-01
8.000000000000000000e+00 -9.799585518309714693e-01
9.000000000000000000e+00 -1.326795026371481168e+00
1.000000000000000000e+01 7.319152373385497956e-01 
1.100000000000000000e+01 2.428591714202549934e+00 
50.0             0.000000

