1
#1
$1 102
0.000000000000000000e+00 3.618706445227680433e+03 -8.680701285063472479e-06 -2.877977443685566533e-08 2.013785961834361871e+00 2.013779259745972272e+00 -8.979107644876725658e+01 -9.555484680612524829e-06 -4.286637620529801140e-08 7.678774511350315094e+09 2.237958116109493858e+03 0.000000000000000000e+00 0.000000000000000000e+00 0.000000000000000000e+00 -5.800601194075564126e+04 7.679418349879709244e+09 0.000000000000000000e+00 0.000000000000000000e+00 0.000000000000000000e+00 -1.693286036327893953e+02 5.249256699888297272e+10 9.585659628953944775e+02 9.860400521320057976e+01 0.000000000000000000e+00 2.128588130910505371e+11 1.122481506574953016e+02 0.000000000000000000e+00 2.128571696179682007e+11 0.000000000000000000e+00 1.244740993301045532e+11
1.378001823349102040e+00 3.620064196742087461e+03 -3.134033804713431460e-04 6.066149559600272267e-07 2.014134896870838354e+00 2.013402190150370252e+00 -9.003064108962914247e+01 -4.875909668047881222e-04 8.011246532518328550e-07 7.682415341275562286e+09 -1.288898059036935138e+03 0.000000000000000000e+00 0.000000000000000000e+00 0.000000000000000000e+00 -1.768989467102258699e+06 7.679207140525789261e+09 0.000000000000000000e+00 0.000000000000000000e+00 0.000000000000000000e+00 -2.353017722899739965e+03 5.251982574197663879e+10 -4.127846908032044315e-04 1.117009711308084100e-04 0.000000000000000000e+00 2.130736712451375732e+11 -2.438098739437334584e-04 0.000000000000000000e+00 2.128573001011290283e+11 0.000000000000000000e+00 1.245001962328788757e+11
2.756003023257725282e+00 3.621869616773102734e+03 -9.446899273550503568e-04 5.949482916710452092e-06 2.014597480644694016e+00 2.012881222793080571e+00 -9.009047643664115412e+01 -1.446482162916158448e-03 6.343006780048345793e-06 7.686982700314145088e+09 2.687039134257395926e+04 0.000000000000000000e+00 0.000000000000000000e+00 0.000000000000000000e+00 -4.511430123898091726e+06 7.678911197044147491e+09 0.000000000000000000e+00 0.000000000000000000e+00 0.000000000000000000e+00 -9.391367891762478394e+03 5.255641217634934235e+10 -8.332473828959396315e-04 9.437172061128666059e-05 0.000000000000000000e+00 2.133618401018995056e+11 -3.699870736963259041e-04 0.000000000000000000e+00 2.128532993352070923e+11 0.000000000000000000e+00 1.245314976705146942e+11
4.134003697735128213e+00 3.078405100222481906e+03 4.498469503531032920e-02 8.903078493271697827e-03 2.029812199869303502e+00 1.994944983800257754e+00 -9.755014548546833453e+01 4.078831452790559337e-02 8.893309415544019617e-03 6.430540099091186523e+09 1.200524733893492445e+07 0.000000000000000000e+00 0.000000000000000000e+00 0.000000000000000000e+00 -7.223549602697122097e+07 6.590972090497945786e+09 0.000000000000000000e+00 0.000000000000000000e+00 0.000000000000000000e+00 -1.339497958705745637e+07 4.471223668630746460e+10 -1.392426868222850595e-04 -5.618311635439943684e-05 0.000000000000000000e+00 1.845354618023316956e+11 -2.174633810466440956e-04 0.000000000000000000e+00 1.776398071877025452e+11 0.000000000000000000e+00 1.052866288297031097e+11
5.512004129584325618e+00 2.041605826829581247e+03 6.633950180218381454e-02 2.548149940289011137e-02 2.098826482319396280e+00 1.953558626743675752e+00 -9.473656173381843359e+01 4.154210907638389294e-02 2.535782641706632937e-02 4.031606637980175495e+09 2.305155475259736553e+07 0.000000000000000000e+00 0.000000000000000000e+00 0.000000000000000000e+00 -3.868785120051078200e+08 4.450135947001034737e+09 0.000000000000000000e+00 0.000000000000000000e+00 0.000000000000000000e+00 -7.921410007466889918e+07 2.981599852340935135e+10 -2.958960540685664923e-04 -4.178108096075085426e-04 0.000000000000000000e+00 1.325409914388834686e+11 6.199804080330542947e-04 0.000000000000000000e+00 1.128452081104670715e+11 0.000000000000000000e+00 6.878865353812368774e+10
6.890004249104816125e+00 1.685219340095572989e+03 9.874502862197431785e-03 6.136083855721160413e-02 1.927033386791080938e+00 2.022588849142925582e+00 1.340481494110126981e+01 1.322101201225537315e-01 1.372781350904162811e-01 3.092001504458559990e+09 -1.382214571886775196e+08 0.000000000000000000e+00 0.000000000000000000e+00 0.000000000000000000e+00 7.869260710265070200e+07 3.116087540730989933e+09 0.000000000000000000e+00 0.000000000000000000e+00 0.000000000000000000e+00 3.068741598058677316e+08 3.267009409375880814e+10 -2.627797809501434934e+00 1.625742678227824101e+01 0.000000000000000000e+00 1.571123639121734314e+11 3.967570970692239030e+01 0.000000000000000000e+00 1.067309159252795868e+11 0.000000000000000000e+00 4.497319363003507996e+10
8.268004291768022540e+00 1.494824059624388838e+03 -7.092174695250558214e-02 6.688651790890412507e-02 1.859523580803978282e+00 2.062617679433685680e+00 1.704290453002744599e+01 8.807636000167273771e-02 1.274356930654498288e-01 2.448175666709840298e+09 -1.522819935015367866e+08 0.000000000000000000e+00 0.000000000000000000e+00 0.000000000000000000e+00 -3.430545777192801237e+07 2.427395979984278679e+09 0.000000000000000000e+00 0.000000000000000000e+00 0.000000000000000000e+00 5.189603323212872744e+08 3.129561954964924622e+10 -7.312827342335113208e-04 -1.511009477438927809e-03 0.000000000000000000e+00 1.440186612302430115e+11 2.299833160071420408e-04 0.000000000000000000e+00 1.019039559852264862e+11 0.000000000000000000e+00 3.358907195884466171e+10
9.646004294498942144e+00 1.382045331123751339e+03 -1.719779029222758826e-01 7.129528624175586471e-02 1.823981545020601391e+00 2.069186685044132279e+00 2.394619676671736741e+01 3.058681112036920613e-02 1.150786196304196540e-01 1.928142271629308462e+09 -1.394838418393006623e+08 0.000000000000000000e+00 0.000000000000000000e+00 0.000000000000000000e+00 -6.427996264865839481e+07 1.972991284755267620e+09 0.000000000000000000e+00 0.000000000000000000e+00 0.000000000000000000e+00 6.656526306927567720e+08 3.107907209758108139e+10 -1.376535659113295213e-04 -9.064669787540367797e-04 0.000000000000000000e+00 1.338524582958230133e+11 4.154532750146603857e-04 0.000000000000000000e+00 1.019702969601720428e+11 0.000000000000000000e+00 2.542410692394205093e+10
1.102400432004306197e+01 1.273263722487896757e+03 -2.330478631607731388e-01 6.882985254145339293e-02 1.844635811556092353e+00 2.008603397332929141e+00 3.299225517787557749e+01 2.980037819050707082e-02 1.044000579074214619e-01 1.503938111698366404e+09 -1.033963078321067840e+08 0.000000000000000000e+00 0.000000000000000000e+00 0.000000000000000000e+00 4.320917780073022842e+07 1.639729857757014513e+09 0.000000000000000000e+00 0.000000000000000000e+00 0.000000000000000000e+00 5.913485268620669842e+08 3.068804269919526291e+10 1.086188363381936604e-03 -7.599218953477107033e-05 0.000000000000000000e+00 1.236123096352072296e+11 -6.302397277954757899e-04 0.000000000000000000e+00 9.880580465189273071e+10 0.000000000000000000e+00 1.922268646444109726e+10
1.240200440120285208e+01 1.159090094868508231e+03 -2.362990539020011216e-01 6.555497342643322456e-02 1.894693341272047915e+00 1.909085269416934683e+00 4.117775519999836575e+01 9.821367847490325431e-02 9.876138267373195390e-02 1.202632533462542772e+09 -6.576264088174072653e+07 0.000000000000000000e+00 0.000000000000000000e+00 0.000000000000000000e+00 1.200774309080856144e+08 1.382010982733059406e+09 0.000000000000000000e+00 0.000000000000000000e+00 0.000000000000000000e+00 4.400215715260962248e+08 2.992960257542817688e+10 5.071248939054106354e-05 -8.833208246243444417e-04 0.000000000000000000e+00 1.130388858977579803e+11 -2.588296125591367405e-04 0.000000000000000000e+00 9.179158784878668213e+10 0.000000000000000000e+00 1.478284701057941818e+10
1.378000457290359648e+01 1.042273928621223376e+03 -2.076057801801844960e-01 5.994907405493483249e-02 1.945084186591534703e+00 1.798254320902017867e+00 -1.320843284223260241e+02 2.019609993237620471e-01 9.315964923287023414e-02 9.525092665155957937e+08 -2.428877238027901947e+07 0.000000000000000000e+00 0.000000000000000000e+00 0.000000000000000000e+00 -1.419954487097036839e+08 1.136986603879347563e+09 0.000000000000000000e+00 0.000000000000000000e+00 0.000000000000000000e+00 -2.869996587610160112e+08 2.896300163557966232e+10 7.308713179995236483e-04 -1.017146436457456651e-04 0.000000000000000000e+00 1.020469680381486053e+11 -6.798585407053698367e-05 0.000000000000000000e+00 8.276746132904335022e+10 0.000000000000000000e+00 1.106973625887831879e+10
1.515800487226228910e+01 9.462872212872840691e+02 -1.728482177639288908e-01 5.101165166396957190e-02 2.018040020545417423e+00 1.660494834535784836e+00 -1.243944987942583111e+02 3.066225955397540170e-01 8.523198072317393625e-02 7.597751731238566637e+08 2.245700499893296137e+07 0.000000000000000000e+00 0.000000000000000000e+00 0.000000000000000000e+00 -1.462927294657813907e+08 9.165873171525030136e+08 0.000000000000000000e+00 0.000000000000000000e+00 0.000000000000000000e+00 -1.727027668441254497e+08 2.820856714617894745e+10 -1.582920009615724371e-04 -2.674630948803657818e-04 0.000000000000000000e+00 9.278615689743051147e+10 -2.369645809405083352e-04 0.000000000000000000e+00 7.433716867758767700e+10 0.000000000000000000e+00 8.199106099185282707e+09
1.653600526774411961e+01 8.883004131572550932e+02 -1.369665232242747166e-01 4.852219642833111718e-02 2.126346830183269532e+00 1.471875068525323016e+00 -1.143118821210880185e+02 3.910926060998742293e-01 7.719946601366020622e-02 6.549486820702558756e+08 4.868826621059039980e+07 0.000000000000000000e+00 0.000000000000000000e+00 0.000000000000000000e+00 -1.696361855962035656e+08 7.643424515689852238e+08 0.000000000000000000e+00 0.000000000000000000e+00 0.000000000000000000e+00 -1.321916441861749589e+08 2.795020509987784576e+10 -3.427479709661320037e-04 6.789995163880752126e-04 0.000000000000000000e+00 8.782986199256172180e+10 9.314322530544631761e-04 0.000000000000000000e+00 6.713528733264050293e+10 0.000000000000000000e+00 6.221015762472027779e+09
1.791400576796277733e+01 8.681291066195944950e+02 -9.143041816739128080e-02 4.570083790149682273e-02 2.193735417493929862e+00 1.325281488814921582e+00 -1.070175689386443736e+02 4.666485900755560912e-01 6.949913763995692328e-02 6.152751971861164570e+08 4.270110901110936701e+07 0.000000000000000000e+00 0.000000000000000000e+00 0.000000000000000000e+00 -1.786073061268931329e+08 7.310208707346646786e+08 0.000000000000000000e+00 0.000000000000000000e+00 0.000000000000000000e+00 -1.021361988710897267e+08 2.805947272554746246e+10 8.865358663773945580e-04 -1.748401085119064371e-04 0.000000000000000000e+00 8.589179338057147217e+10 2.027429656823399244e-04 0.000000000000000000e+00 6.093614849256652069e+10 0.000000000000000000e+00 5.439973172276300430e+09
1.929200633668749632e+01 8.487868260281707080e+02 -2.686479410590369987e-02 4.896152110733949236e-02 2.219414269074443169e+00 1.221917083436446116e+00 -1.030476206825689616e+02 5.496809350980218500e-01 6.698868133068647257e-02 5.771972468019177914e+08 3.266997662804853171e+07 0.000000000000000000e+00 0.000000000000000000e+00 0.000000000000000000e+00 -1.838503532234065831e+08 7.279876775645278692e+08 0.000000000000000000e+00 0.000000000000000000e+00 0.000000000000000000e+00 -9.058334554925811291e+07 2.806747862777963257e+10 -1.356338374659236696e-03 -5.033804639771560611e-04 0.000000000000000000e+00 8.330363248592239380e+10 1.420667626703959313e-04 0.000000000000000000e+00 5.480181846614234924e+10 0.000000000000000000e+00 4.794650370671228409e+09
2.067000696200965848e+01 8.249510441590948631e+02 5.890635157371171271e-02 6.088584604697368924e-02 2.219352193038892196e+00 1.138669710608837260e+00 -1.009502587383315557e+02 6.425707133628723033e-01 7.201271104429711467e-02 5.372671891977266073e+08 2.266578965519410744e+07 0.000000000000000000e+00 0.000000000000000000e+00 0.000000000000000000e+00 -1.921236818694388568e+08 7.281703259989262819e+08 0.000000000000000000e+00 0.000000000000000000e+00 0.000000000000000000e+00 -9.462262477618603408e+07 2.794200085356570053e+10 1.222256555832148742e-05 -1.852633892467538254e-04 0.000000000000000000e+00 7.919516008080783081e+10 -8.706705473808396402e-05 0.000000000000000000e+00 4.906988778968629456e+10 0.000000000000000000e+00 4.098866030148322105e+09
2.204800760545917271e+01 8.035980265639750542e+02 1.350927426979633417e-01 6.687023880196024672e-02 2.209384651493090157e+00 1.077809443897697506e+00 -9.978866814980547417e+01 7.271562774753629332e-01 7.247305053626672267e-02 5.045084133995100856e+08 1.564285218673743680e+07 0.000000000000000000e+00 0.000000000000000000e+00 0.000000000000000000e+00 -1.903787108120664954e+08 7.268803754260642529e+08 0.000000000000000000e+00 0.000000000000000000e+00 0.000000000000000000e+00 -9.492157212310087681e+07 2.781422505871897888e+10 1.252047847185199653e-03 2.435937732591854257e-04 0.000000000000000000e+00 7.517856332181597900e+10 2.900471263455193025e-05 0.000000000000000000e+00 4.465784716658005524e+10 0.000000000000000000e+00 3.562514588656191349e+09
2.342600822855159493e+01 7.855361117319706636e+02 2.023565769206596698e-01 6.699361234954188948e-02 2.194933142983264585e+00 1.031881620543812383e+00 -9.909928373884918074e+01 8.036872714457425904e-01 6.800368960679541164e-02 4.789817764216319323e+08 1.079328356426011957e+07 0.000000000000000000e+00 0.000000000000000000e+00 0.000000000000000000e+00 -1.853450749928665757e+08 7.229662418330125809e+08 0.000000000000000000e+00 0.000000000000000000e+00 0.000000000000000000e+00 -9.268620208699095249e+07 2.773547179712067032e+10 -4.713108198665599629e-05 3.991344602002539258e-04 0.000000000000000000e+00 7.148070931694198608e+10 5.927760608339367965e-05 0.000000000000000000e+00 4.131588298609387970e+10 0.000000000000000000e+00 3.161780539146302223e+09
2.480400880799054164e+01 7.698747251447143753e+02 2.634579210447224318e-01 6.681580957049602920e-02 2.177674893774311116e+00 9.949305170844902069e-01 -9.858020912920439116e+01 8.723391741229363783e-01 6.405253890371363779e-02 4.583874140774372220e+08 6.873151979225667194e+06 0.000000000000000000e+00 0.000000000000000000e+00 0.000000000000000000e+00 -1.790282666832001209e+08 7.167809601139001846e+08 0.000000000000000000e+00 0.000000000000000000e+00 0.000000000000000000e+00 -8.982587478985705972e+07 2.770857882849256897e+10 1.545728328476709114e-04 -1.968085991612670996e-04 0.000000000000000000e+00 6.805037623288582611e+10 -1.730919258264754885e-05 0.000000000000000000e+00 3.873232374010789490e+10 0.000000000000000000e+00 2.838488229615295887e+09
2.618200931637369067e+01 7.558838107018673327e+02 3.171388129997483318e-01 6.657823995229426861e-02 2.160011374777935256e+00 9.644068243367612814e-01 -9.805533743332964036e+01 9.321834747400007393e-01 6.083138099044354402e-02 4.421711489343993068e+08 3.818727997409921139e+06 0.000000000000000000e+00 0.000000000000000000e+00 0.000000000000000000e+00 -1.728899709760111868e+08 7.098154352314383984e+08 0.000000000000000000e+00 0.000000000000000000e+00 0.000000000000000000e+00 -8.590747294805255532e+07 2.766670914143505096e+10 8.868196647032988668e-05 2.624633658672778235e-04 0.000000000000000000e+00 6.490638709913024902e+10 -9.773498457720760149e-05 0.000000000000000000e+00 3.667691055991040039e+10 0.000000000000000000e+00 2.582261980760433197e+09
2.756000972700622142e+01 7.441363830128398149e+02 3.541472442703320622e-01 6.469289133411584847e-02 2.148651950622221474e+00 9.361354044846452727e-01 -9.718969860243268499e+01 9.774434870540077425e-01 5.703536667809325916e-02 4.295613115928187370e+08 2.418638496839121450e+06 0.000000000000000000e+00 0.000000000000000000e+00 0.000000000000000000e+00 -1.676130819522154927e+08 7.039699760195649862e+08 0.000000000000000000e+00 0.000000000000000000e+00 0.000000000000000000e+00 -7.981979614228636026e+07 2.758264853023564911e+10 2.914155705773963665e-04 -3.565321660849224341e-05 0.000000000000000000e+00 6.257173650327601624e+10 5.176578761675514420e-05 0.000000000000000000e+00 3.490576647220051575e+10 0.000000000000000000e+00 2.397124353544502735e+09
2.893801002843716930e+01 7.347335275400153023e+02 3.719379961523353595e-01 6.030827091937012580e-02 2.144905275243678133e+00 9.097932724873579735e-01 -9.612696363356707252e+01 1.007368608392024578e+00 5.152876783484978268e-02 4.188760191208600402e+08 2.444808654254132882e+06 0.000000000000000000e+00 0.000000000000000000e+00 0.000000000000000000e+00 -1.623437782655312717e+08 6.998229183588097095e+08 0.000000000000000000e+00 0.000000000000000000e+00 0.000000000000000000e+00 -7.297388103238275647e+07 2.748865750303178787e+10 4.820583059160046574e-04 -6.371491168864095627e-05 0.000000000000000000e+00 6.123713940679326630e+10 -1.232263118096867018e-04 0.000000000000000000e+00 3.326644586242297363e+10 0.000000000000000000e+00 2.270254647323136330e+09
3.031601022481354946e+01 7.254679561278270512e+02 3.882957100233696002e-01 5.644054818275571345e-02 2.137358000434536276e+00 8.883080067572738381e-01 -9.536370839574813374e+01 1.033150153490772549e+00 4.650511812440475540e-02 4.092077399476867914e+08 2.219538097428302281e+06 0.000000000000000000e+00 0.000000000000000000e+00 0.000000000000000000e+00 -1.569337749454619288e+08 6.956056577543660402e+08 0.000000000000000000e+00 0.000000000000000000e+00 0.000000000000000000e+00 -6.769626461792406440e+07 2.738450084682296371e+10 -2.977096209070693631e-04 9.446630991195944409e-05 0.000000000000000000e+00 5.981182200184041595e+10 1.400036198975547536e-05 0.000000000000000000e+00 3.181374751597732162e+10 0.000000000000000000e+00 2.159158105452704430e+09
3.169401033788012967e+01 7.164153365681625019e+02 4.032864861700460324e-01 5.307281084160850315e-02 2.126671703935385960e+00 8.701375498168231193e-01 -9.480070686394972768e+01 1.054682357856681074e+00 4.209550012010800091e-02 4.004452870596863031e+08 1.854445973511261633e+06 0.000000000000000000e+00 0.000000000000000000e+00 0.000000000000000000e+00 -1.515666666182688177e+08 6.913658229288758039e+08 0.000000000000000000e+00 0.000000000000000000e+00 0.000000000000000000e+00 -6.353622499717398733e+07 2.727444373744992828e+10 4.636206486314483125e-05 -4.063967936421920618e-04 0.000000000000000000e+00 5.831194286848483276e+10 -2.259176671632262407e-05 0.000000000000000000e+00 3.051523325856733704e+10 0.000000000000000000e+00 2.060888913216723204e+09
3.307201035708521886e+01 7.075521339774762737e+02 4.162406478725857450e-01 5.020518435385677020e-02 2.113378559181203986e+00 8.542888389264917670e-01 -9.435635354678178999e+01 1.071763844165339430e+00 3.839668105783976965e-02 3.924288360709950924e+08 1.453362847989218077e+06 0.000000000000000000e+00 0.000000000000000000e+00 0.000000000000000000e+00 -1.463288048079535961e+08 6.869564141607264280e+08 0.000000000000000000e+00 0.000000000000000000e+00 0.000000000000000000e+00 -5.998704409385728091e+07 2.716071735412727737e+10 -2.407752860909436441e-04 6.496407213192789589e-05 0.000000000000000000e+00 5.675496702462715912e+10 1.279142065358918187e-04 0.000000000000000000e+00 2.934476598689416504e+10 0.000000000000000000e+00 1.972432507400898695e+09
3.445001035743612050e+01 6.986286483321132437e+02 4.271275894929776884e-01 4.786155628614392754e-02 2.097626447395225302e+00 8.398913811002538532e-01 -9.398546903630848703e+01 1.084307778651485865e+00 3.541043850137279986e-02 3.849584234716888070e+08 1.058464417346027913e+06 0.000000000000000000e+00 0.000000000000000000e+00 0.000000000000000000e+00 -1.412308819266400337e+08 6.823483919556205273e+08 0.000000000000000000e+00 0.000000000000000000e+00 0.000000000000000000e+00 -5.684234073756764829e+07 2.702804158506541443e+10 3.200501006231508167e-04 -1.398180307507707401e-05 0.000000000000000000e+00 5.512117306048616791e+10 -2.238792222480047380e-04 0.000000000000000000e+00 2.824603983032659912e+10 0.000000000000000000e+00 1.891590544523857832e+09
3.582801036157626129e+01 6.894762571800313253e+02 4.356212501493034184e-01 4.601702368365895995e-02 2.079357616362237593e+00 8.264483068074228722e-01 -9.366461392819969944e+01 1.092507887035762959e+00 3.305847844812284664e-02 3.777413557139962912e+08 7.139094062562434701e+05 0.000000000000000000e+00 0.000000000000000000e+00 0.000000000000000000e+00 -1.361086377660187781e+08 6.773196456315606833e+08 0.000000000000000000e+00 0.000000000000000000e+00 0.000000000000000000e+00 -5.389188389889951795e+07 2.687595931478884506e+10 1.651531607522818701e-04 9.684938597093299695e-05 0.000000000000000000e+00 5.339426474901343536e+10 -7.408443431485437565e-05 0.000000000000000000e+00 2.719087375429349518e+10 0.000000000000000000e+00 1.815751952871029139e+09
3.720601045856093236e+01 6.803050348861685279e+02 4.426983310122221127e-01 4.434075147934857242e-02 2.058762481188259663e+00 8.138315925672283679e-01 -9.339317340992990069e+01 1.097125373205611210e+00 3.094251025977493019e-02 3.708884590808662176e+08 2.692795398142368649e+05 0.000000000000000000e+00 0.000000000000000000e+00 0.000000000000000000e+00 -1.310057793513545990e+08 6.722607960678204298e+08 0.000000000000000000e+00 0.000000000000000000e+00 0.000000000000000000e+00 -5.150405587706582248e+07 2.671845388125780487e+10 7.055996764420392688e-05 2.819501284095318641e-04 0.000000000000000000e+00 5.159890759523438263e+10 1.728268388873044586e-04 0.000000000000000000e+00 2.619154533818789291e+10 0.000000000000000000e+00 1.744262394528671980e+09
3.858401067579494992e+01 6.711385372528509379e+02 4.477411555044233937e-01 4.274841905008144177e-02 2.035454288446769233e+00 8.017882351279779218e-01 -9.316015748818770703e+01 1.097118105754690598e+00 2.893898739224656791e-02 3.640811872644788623e+08 -1.523070808526522305e+05 0.000000000000000000e+00 0.000000000000000000e+00 0.000000000000000000e+00 -1.260185339079172760e+08 6.669529546573972702e+08 0.000000000000000000e+00 0.000000000000000000e+00 0.000000000000000000e+00 -4.927503314318227768e+07 2.656227599551078033e+10 -3.532473617597924791e-04 -1.454998409990025318e-04 0.000000000000000000e+00 4.972486818376812744e+10 5.055310804789078620e-05 0.000000000000000000e+00 2.523993782485348892e+10 0.000000000000000000e+00 1.675446858196488380e+09
3.996201107405899933e+01 6.618263126960205227e+02 4.519197602333632213e-01 4.127953094765968861e-02 2.010903628743819560e+00 7.900080002579865646e-01 -9.294394532011027366e+01 1.095591104324325604e+00 2.712236160099965390e-02 3.573407160315654278e+08 -4.697056023289115401e+05 0.000000000000000000e+00 0.000000000000000000e+00 0.000000000000000000e+00 -1.212616017903277427e+08 6.612804778689469099e+08 0.000000000000000000e+00 0.000000000000000000e+00 0.000000000000000000e+00 -4.703774849297343194e+07 2.639598348758392334e+10 -4.747546494845528652e-04 -5.330659924851857847e-05 0.000000000000000000e+00 4.784270184673305511e+10 -7.988626284413442478e-05 0.000000000000000000e+00 2.431053968945280075e+10 0.000000000000000000e+00 1.608284515289516449e+09
4.134001171940680308e+01 6.524210844036642811e+02 4.540694741354973640e-01 3.987968404712141646e-02 1.983738729708218296e+00 7.783656786022163931e-01 -9.274966312742509444e+01 1.089462352096359332e+00 2.543978674203375631e-02 3.505823486563905478e+08 -8.229712784900411498e+05 0.000000000000000000e+00 0.000000000000000000e+00 0.000000000000000000e+00 -1.165237005926131010e+08 6.555701530590195656e+08 0.000000000000000000e+00 0.000000000000000000e+00 0.000000000000000000e+00 -4.512118223454248905e+07 2.622505615767643356e+10 2.347266597648362582e-04 4.813336008566181708e-05 0.000000000000000000e+00 4.588725716994813538e+10 -1.270155903120247015e-04 0.000000000000000000e+00 2.340139089714281082e+10 0.000000000000000000e+00 1.542809254598222256e+09
4.271801263221056644e+01 6.429473534834598922e+02 4.552831876600699212e-01 3.851530230878445760e-02 1.954852297325653465e+00 7.667510166737308008e-01 -9.256684208553379278e+01 1.081167849296284400e+00 2.384246030977697425e-02 3.437800943223869205e+08 -1.171522849761458114e+06 0.000000000000000000e+00 0.000000000000000000e+00 0.000000000000000000e+00 -1.117533989803812206e+08 6.498257301284996271e+08 0.000000000000000000e+00 0.000000000000000000e+00 0.000000000000000000e+00 -4.339461211317776889e+07 2.605463089959983826e+10 1.398035571660660541e-04 4.431974240243651724e-05 0.000000000000000000e+00 4.391075461012536621e+10 1.152132140719563111e-05 0.000000000000000000e+00 2.251030959104825592e+10 0.000000000000000000e+00 1.478448131873474121e+09
4.409601384547045200e+01 6.334158608657196510e+02 4.556407798069873061e-01 3.716198726358366233e-02 1.924035281643963646e+00 7.550928699966710234e-01 -9.239426205516889468e+01 1.070657879204195861e+00 2.226592990980537021e-02 3.368218435454474092e+08 -1.448308269056443824e+06 0.000000000000000000e+00 0.000000000000000000e+00 0.000000000000000000e+00 -1.070337621075413227e+08 6.438819919906926155e+08 0.000000000000000000e+00 0.000000000000000000e+00 0.000000000000000000e+00 -4.168498853471384943e+07 2.588959607762397766e+10 2.773587907847891690e-04 -2.276624155475864632e-05 0.000000000000000000e+00 4.190822220207868195e+10 -1.741732024462185763e-04 0.000000000000000000e+00 2.163607577545678711e+10 0.000000000000000000e+00 1.414546751083126545e+09
4.547401538396553633e+01 6.238392262169534206e+02 4.548807997366333122e-01 3.580831001886281006e-02 1.891592652404074260e+00 7.432947435859414975e-01 -9.222651469823134107e+01 1.057955756258562197e+00 2.073786065893135425e-02 3.297081185463560224e+08 -1.660561283576191403e+06 0.000000000000000000e+00 0.000000000000000000e+00 0.000000000000000000e+00 -1.023375825147303492e+08 6.378264758478010893e+08 0.000000000000000000e+00 0.000000000000000000e+00 0.000000000000000000e+00 -4.004203506517216563e+07 2.572765544279383850e+10 2.574284577093096109e-04 5.693372661624041426e-05 0.000000000000000000e+00 3.989959905254380035e+10 -5.886230963028631503e-05 0.000000000000000000e+00 2.077337110494624710e+10 0.000000000000000000e+00 1.351156553929041147e+09
4.685201722680940151e+01 6.141545570904492024e+02 4.534184084157555916e-01 3.445944970597151352e-02 1.857792331690668153e+00 7.312693204914612055e-01 -9.205760731236073013e+01 1.043488035063507846e+00 1.923278035895300761e-02 3.224084210559250712e+08 -1.760970920521057211e+06 0.000000000000000000e+00 0.000000000000000000e+00 0.000000000000000000e+00 -9.779647152463521063e+07 6.316775341622403860e+08 0.000000000000000000e+00 0.000000000000000000e+00 0.000000000000000000e+00 -3.836283121904239804e+07 2.556234358482258606e+10 2.354207934643643546e-04 2.023632972995088032e-05 0.000000000000000000e+00 3.790135949130207825e+10 -1.335918702634282583e-04 0.000000000000000000e+00 1.991423642677597809e+10 0.000000000000000000e+00 1.288303736959471464e+09
4.823001934934911361e+01 6.042321065662328010e+02 4.514300528690832204e-01 3.310770207831739004e-02 1.822741301247850165e+00 7.190109263553912111e-01 -9.188889198810217351e+01 1.027634938512567597e+00 1.776484476450285177e-02 3.149954141904410720e+08 -1.863175560367011931e+06 0.000000000000000000e+00 0.000000000000000000e+00 0.000000000000000000e+00 -9.327127505644506216e+07 6.250687787143851519e+08 0.000000000000000000e+00 0.000000000000000000e+00 0.000000000000000000e+00 -3.719923412386830896e+07 2.538586474397520828e+10 -1.997253881965226459e-05 1.543274702455142689e-04 0.000000000000000000e+00 3.590385792377806854e+10 5.307117390453162454e-05 0.000000000000000000e+00 1.905375056382461929e+10 0.000000000000000000e+00 1.225987276711170912e+09
4.960802173132596948e+01 5.941852711095181121e+02 4.483376617971991385e-01 3.175489785772135642e-02 1.786943027887912816e+00 7.064132031393351996e-01 -9.171208369485250955e+01 1.010118494916776966e+00 1.632684351009026924e-02 3.074392670946906209e+08 -1.819440415207409300e+06 0.000000000000000000e+00 0.000000000000000000e+00 0.000000000000000000e+00 -8.893321279109403491e+07 6.190211592284539938e+08 0.000000000000000000e+00 0.000000000000000000e+00 0.000000000000000000e+00 -3.573102922207643837e+07 2.519841017622347641e+10 -1.159744177767976108e-04 1.965275504309208377e-04 0.000000000000000000e+00 3.395715921481813431e+10 -2.308625937253659362e-05 0.000000000000000000e+00 1.819097967370705795e+10 0.000000000000000000e+00 1.164724182194792271e+09
5.098602430543262898e+01 5.840029324078568607e+02 4.446755372256859795e-01 3.039982493772270047e-02 1.750459992483101468e+00 6.935199602266923780e-01 -9.152814176175395744e+01 9.915470764046350194e-01 1.494933595478890181e-02 2.997740674944028854e+08 -1.698295766859028488e+06 0.000000000000000000e+00 0.000000000000000000e+00 0.000000000000000000e+00 -8.466999126152661443e+07 6.131858738600175381e+08 0.000000000000000000e+00 0.000000000000000000e+00 0.000000000000000000e+00 -3.438025661852738261e+07 2.500033752975387573e+10 -5.509476133032485548e-04 1.488848249531541073e-04 0.000000000000000000e+00 3.205413389064147186e+10 -8.561187216477998988e-05 0.000000000000000000e+00 1.732970646635674286e+10 0.000000000000000000e+00 1.104545359281070709e+09
5.236402703059083308e+01 5.735662826414280744e+02 4.408631460701511462e-01 2.899911521910489981e-02 1.713159977581050430e+00 6.803988001155254484e-01 -9.133258688343067888e+01 9.722720496224599440e-01 1.356023150333168260e-02 2.919693913481546640e+08 -1.364701174248890951e+06 0.000000000000000000e+00 0.000000000000000000e+00 0.000000000000000000e+00 -8.062872096391001344e+07 6.067351626105703115e+08 0.000000000000000000e+00 0.000000000000000000e+00 0.000000000000000000e+00 -3.260625878656009585e+07 2.478928084589933014e+10 5.172037928976244443e-04 -1.760048679134866079e-04 0.000000000000000000e+00 3.019177345294545364e+10 -7.201622690864292666e-05 0.000000000000000000e+00 1.647167663351431656e+10 0.000000000000000000e+00 1.045019514667229533e+09
5.374202987830464906e+01 5.630909532774536501e+02 4.361871438128748779e-01 2.761985025397224042e-02 1.675746152573061698e+00 6.669615236696752048e-01 -9.113331198955259538e+01 9.522190342241941829e-01 1.218882003293147998e-02 2.840811571332150698e+08 -9.863089323115590960e+05 0.000000000000000000e+00 0.000000000000000000e+00 0.000000000000000000e+00 -7.673504918767079711e+07 6.009374122615480423e+08 0.000000000000000000e+00 0.000000000000000000e+00 0.000000000000000000e+00 -3.124126326342179626e+07 2.456713982850923157e+10 5.758543893154478193e-04 -4.824300149584093221e-05 0.000000000000000000e+00 2.839569811598134232e+10 -8.907335679367883621e-05 0.000000000000000000e+00 1.561972240757838631e+10 0.000000000000000000e+00 9.870256033941396475e+08
5.512003280316417175e+01 5.524106168785401678e+02 4.311814141099314934e-01 2.631365009575094630e-02 1.638172978362100851e+00 6.532968949863838803e-01 -9.092169401254655270e+01 9.317519972062463518e-01 1.093176829501064234e-02 2.761034124999263287e+08 -4.441843259833158227e+05 0.000000000000000000e+00 0.000000000000000000e+00 0.000000000000000000e+00 -7.307922428629030287e+07 5.951173257260116339e+08 0.000000000000000000e+00 0.000000000000000000e+00 0.000000000000000000e+00 -2.977625171985835209e+07 2.432662137255950546e+10 -1.836360897600964519e-04 -3.517092441190695668e-05 0.000000000000000000e+00 2.666353685814117813e+10 -1.239328149909727308e-04 0.000000000000000000e+00 1.477432160338174629e+10 0.000000000000000000e+00 9.303706848998399973e+08
5.649803581090621662e+01 5.415864180314249552e+02 4.259611164227945501e-01 2.610633235555000556e-02 1.600550473004388463e+00 6.395623581496494570e-01 -9.066554975378258519e+01 9.111042355133782689e-01 1.102938402384415380e-02 2.681455292787789702e+08 1.997039522681991511e+05 0.000000000000000000e+00 0.000000000000000000e+00 0.000000000000000000e+00 -6.967403108251240849e+07 5.894379804268714190e+08 0.000000000000000000e+00 0.000000000000000000e+00 0.000000000000000000e+00 -2.845190983036337048e+07 2.407011914651439285e+10 1.687244843266397806e-05 6.650883262449878790e-05 0.000000000000000000e+00 2.500082299951279068e+10 -1.453427981118868468e-05 0.000000000000000000e+00 1.394587690066950035e+10 0.000000000000000000e+00 8.754580833882087469e+08
5.787603890669051054e+01 5.306100179571003537e+02 4.211080457674262756e-01 2.590386719907208576e-02 1.562674600812143932e+00 6.257194485481094581e-01 -9.040011410901718136e+01 8.906847305353271516e-01 1.115473211690821802e-02 2.602979048832063079e+08 9.667378670680539217e+05 0.000000000000000000e+00 0.000000000000000000e+00 0.000000000000000000e+00 -6.625134532653004676e+07 5.836925022572251558e+08 0.000000000000000000e+00 0.000000000000000000e+00 0.000000000000000000e+00 -2.728208572133908421e+07 2.380121329629383469e+10 8.017187864252633273e-05 -5.198394319597679302e-05 0.000000000000000000e+00 2.339349551834500122e+10 2.656969293148258156e-05 0.000000000000000000e+00 1.313415333368366241e+10 0.000000000000000000e+00 8.224595701636668444e+08
5.925404215111149853e+01 5.196862211612326519e+02 4.159892001797361738e-01 2.570903530359762088e-02 1.525148995541053543e+00 6.117397383815529333e-01 -9.012473633401785378e+01 8.703196098962513449e-01 1.129314968710457001e-02 2.524136484024607837e+08 1.904914130471874727e+06 0.000000000000000000e+00 0.000000000000000000e+00 0.000000000000000000e+00 -6.309548524743612111e+07 5.785220742792066336e+08 0.000000000000000000e+00 0.000000000000000000e+00 0.000000000000000000e+00 -2.590036348031318933e+07 2.352517552243533707e+10 2.527225822118735307e-04 -1.153926963496771892e-04 0.000000000000000000e+00 2.187755196104514694e+10 -2.973705865914487347e-05 0.000000000000000000e+00 1.234401566440631294e+10 0.000000000000000000e+00 7.712977016719940901e+08
6.063204564435964983e+01 5.085326267315837185e+02 4.109679831453136867e-01 2.549577030127363544e-02 1.487567401307006376e+00 5.977740931506659861e-01 -8.983815129318641368e+01 8.502725153579080430e-01 1.144514437475822009e-02 2.444004340833889544e+08 3.045850454743805341e+06 0.000000000000000000e+00 0.000000000000000000e+00 0.000000000000000000e+00 -5.974233661763145775e+07 5.726914488427820206e+08 0.000000000000000000e+00 0.000000000000000000e+00 0.000000000000000000e+00 -2.421197232472164929e+07 2.323281612828835678e+10 1.870090817162308123e-04 2.162222820850424559e-05 0.000000000000000000e+00 2.042730829300662613e+10 1.800612793056830633e-05 0.000000000000000000e+00 1.157501436000162506e+10 0.000000000000000000e+00 7.207993882446991205e+08
6.201004948823949547e+01 4.974519416389657636e+02 4.059880398297290860e-01 2.531449444540181601e-02 1.450553375097303421e+00 5.837172090405214897e-01 -8.955121633117991564e+01 8.306399283554701807e-01 1.162386935134502620e-02 2.366590779821607172e+08 4.204728835168504156e+06 0.000000000000000000e+00 0.000000000000000000e+00 0.000000000000000000e+00 -5.689396103282854706e+07 5.678677588556547165e+08 0.000000000000000000e+00 0.000000000000000000e+00 0.000000000000000000e+00 -2.291078380501420051e+07 2.292972212697767639e+10 -3.404233504009916049e-04 -6.272881364640863031e-05 0.000000000000000000e+00 1.905791732016679382e+10 -3.446518083039995972e-05 0.000000000000000000e+00 1.083068897613252640e+10 0.000000000000000000e+00 6.737407469753984213e+08
6.338805395222789230e+01 4.863728140800018878e+02 4.012595029319566686e-01 2.511852893572364548e-02 1.413889335102122446e+00 5.697084814185663371e-01 -8.926058320249866540e+01 8.116066469125255978e-01 1.180500711866077322e-02 2.290527052606377304e+08 5.445018722127066925e+06 0.000000000000000000e+00 0.000000000000000000e+00 0.000000000000000000e+00 -5.413144961297935992e+07 5.634015818914222717e+08 0.000000000000000000e+00 0.000000000000000000e+00 0.000000000000000000e+00 -2.171794924087255821e+07 2.261782114113184738e+10 -4.772841239326965361e-05 -4.339812024036822656e-05 0.000000000000000000e+00 1.776290839376928329e+10 1.800218825401181626e-06 0.000000000000000000e+00 1.011557151532670593e+10 0.000000000000000000e+00 6.289304128649344444e+08
6.476605929770357761e+01 4.751094794976947355e+02 3.974622761155786055e-01 2.491224547535651757e-02 1.376850951408765455e+00 5.559012550121779084e-01 -8.895838421131146845e+01 7.936455233624009065e-01 1.195990416965741349e-02 2.214988892311092913e+08 6.894711582660819404e+06 0.000000000000000000e+00 0.000000000000000000e+00 0.000000000000000000e+00 -5.144808996788500249e+07 5.590191349090986252e+08 0.000000000000000000e+00 0.000000000000000000e+00 0.000000000000000000e+00 -2.038894856043793261e+07 2.229378515611873627e+10 -2.998442173578339995e-04 -1.547820739643610130e-05 0.000000000000000000e+00 1.650685887600745583e+10 6.802916197689693938e-07 0.000000000000000000e+00 9.430706008796875000e+09 0.000000000000000000e+00 5.859514181105844975e+08
6.614406595127520916e+01 4.635673849384332925e+02 3.954592556036010675e-01 2.465983705164132012e-02 1.339047625204007330e+00 5.423905463310479957e-01 -8.863409509013513343e+01 7.771338980589911349e-01 1.210120122386286641e-02 2.140958393345127702e+08 8.528331524973601103e+06 0.000000000000000000e+00 0.000000000000000000e+00 0.000000000000000000e+00 -4.874956667307257652e+07 5.552542454594693184e+08 0.000000000000000000e+00 0.000000000000000000e+00 0.000000000000000000e+00 -1.921525808523595333e+07 2.195242553986188507e+10 2.727463731754527589e-04 -2.427503446984639437e-05 0.000000000000000000e+00 1.527353122658676910e+10 -8.641089937810905692e-06 0.000000000000000000e+00 8.776071832117715836e+09 0.000000000000000000e+00 5.451656857671724558e+08
6.752207455257982360e+01 4.523564658476220188e+02 3.924382059982574056e-01 2.441879627169087422e-02 1.302996772198091291e+00 5.288429209939458087e-01 -8.832413255003271502e+01 7.605887978356274948e-01 1.221868418041598299e-02 2.069874801595352590e+08 1.017979853620895557e+07 0.000000000000000000e+00 0.000000000000000000e+00 0.000000000000000000e+00 -4.625240494261152297e+07 5.517975808710094690e+08 0.000000000000000000e+00 0.000000000000000000e+00 0.000000000000000000e+00 -1.807411593450232223e+07 2.161001029361952591e+10 -7.604524346037164889e-05 -3.657280864858498460e-05 0.000000000000000000e+00 1.416831774253512383e+10 -9.116051281044738415e-07 0.000000000000000000e+00 8.154038736037946701e+09 0.000000000000000000e+00 5.069616029718180895e+08
6.890008590018568668e+01 4.421117161690295347e+02 3.854078852177595382e-01 2.424850265364837318e-02 1.271557524829389330e+00 5.148037304025812055e-01 -8.809242903366737210e+01 7.425056384897466000e-01 1.236785882394792098e-02 1.998405011745601296e+08 1.137579223519976623e+07 0.000000000000000000e+00 0.000000000000000000e+00 0.000000000000000000e+00 -4.418459304422134906e+07 5.469919281881924868e+08 0.000000000000000000e+00 0.000000000000000000e+00 0.000000000000000000e+00 -1.696870614057318494e+07 2.128095168351159286e+10 2.533042116570451748e-04 -8.469213915364858685e-05 0.000000000000000000e+00 1.328193690692406464e+10 2.536582897840944574e-06 0.000000000000000000e+00 7.565483529837723732e+09 0.000000000000000000e+00 4.704752358026998043e+08
7.027810121951283406e+01 4.299347870995028984e+02 3.867852921043426484e-01 2.354266463445912894e-02 1.237184035312404395e+00 5.018659016644971826e-01 -8.790371924867264397e+01 7.247197736858290718e-01 1.243696969009343289e-02 1.873991374707754254e+08 1.295343107025421783e+07 0.000000000000000000e+00 0.000000000000000000e+00 0.000000000000000000e+00 -5.406366033828647435e+07 5.417687025428782701e+08 0.000000000000000000e+00 0.000000000000000000e+00 0.000000000000000000e+00 -1.467352246186001599e+07 2.094832353620090103e+10 -1.597112090268261919e-04 7.213441969016618968e-05 0.000000000000000000e+00 1.250963614351194382e+10 -4.294270958773098418e-06 0.000000000000000000e+00 7.009934785241415024e+09 0.000000000000000000e+00 4.133332854418392181e+08
7.165612194078802588e+01 4.210610053742259993e+02 3.761059731122864402e-01 2.349769412539824687e-02 1.211217107205738497e+00 4.873535163721592900e-01 -8.778537920334031242e+01 7.063737358377881748e-01 1.261244005320405481e-02 1.814828534005819261e+08 1.337844785513124429e+07 0.000000000000000000e+00 0.000000000000000000e+00 0.000000000000000000e+00 -5.142765267756655067e+07 5.365143008219192028e+08 0.000000000000000000e+00 0.000000000000000000e+00 0.000000000000000000e+00 -1.390674238563501462e+07 2.062715181599185181e+10 -5.036867599116949729e-05 2.013636034585820919e-05 0.000000000000000000e+00 1.185222468692367363e+10 -1.894049944134506698e-05 0.000000000000000000e+00 6.487920322831437111e+09 0.000000000000000000e+00 3.856584313084756732e+08
7.303415030141593434e+01 4.122294281131849516e+02 3.657520999985066079e-01 2.339433486721853930e-02 1.186065737787426633e+00 4.730460905339490263e-01 -8.770208980693054457e+01 6.887629015847047675e-01 1.269609458469629637e-02 1.755758598167802989e+08 1.355285452253461629e+07 0.000000000000000000e+00 0.000000000000000000e+00 0.000000000000000000e+00 -4.890577093204148859e+07 5.309554394846027493e+08 0.000000000000000000e+00 0.000000000000000000e+00 0.000000000000000000e+00 -1.328883866367398947e+07 2.029652463950670624e+10 1.075830095607623006e-04 -1.353743034565445963e-04 0.000000000000000000e+00 1.123195512171876335e+10 2.619691852152984665e-05 0.000000000000000000e+00 5.997663665574737549e+09 0.000000000000000000e+00 3.595106471943615079e+08
7.441218885325886845e+01 4.034165251028101125e+02 3.559249809694923772e-01 2.369755472757626227e-02 1.161475719986834854e+00 4.590794899054190803e-01 -8.761040816021761657e+01 6.721236114330451095e-01 1.332285546538749740e-02 1.698528026491969228e+08 1.379143183244116977e+07 0.000000000000000000e+00 0.000000000000000000e+00 0.000000000000000000e+00 -4.646668864438550919e+07 5.255302162522223592e+08 0.000000000000000000e+00 0.000000000000000000e+00 0.000000000000000000e+00 -1.260467080584220216e+07 1.995959097954166794e+10 -1.033145416893183944e-04 3.609530865501241451e-06 0.000000000000000000e+00 1.064088377749256516e+10 6.549697490075918874e-06 0.000000000000000000e+00 5.539171281602187157e+09 0.000000000000000000e+00 3.350791365056825280e+08
7.579024090344097431e+01 3.946396130979879331e+02 3.466580320494113132e-01 2.416963545178701586e-02 1.137509375710540338e+00 4.454346006601383468e-01 -8.752875468745735077e+01 6.564178279157868445e-01 1.414404526165834695e-02 1.643582670799148679e+08 1.394449758776563406e+07 0.000000000000000000e+00 0.000000000000000000e+00 0.000000000000000000e+00 -4.418367066223035008e+07 5.203568411148960590e+08 0.000000000000000000e+00 0.000000000000000000e+00 0.000000000000000000e+00 -1.198979374569999054e+07 1.961640242834135818e+10 -7.168449362933760108e-05 -1.173441178641357216e-04 0.000000000000000000e+00 1.007939556671561813e+10 7.338208001266566362e-06 0.000000000000000000e+00 5.111403825129713058e+09 0.000000000000000000e+00 3.124029054179713726e+08
7.716831128450731114e+01 3.859237880984811113e+02 3.377889986844693215e-01 2.455959913189890639e-02 1.114284659136757227e+00 4.320894700911452890e-01 -8.746900474106642775e+01 6.414941343127378293e-01 1.486168482260306900e-02 1.590297140138988793e+08 1.399474535615465976e+07 0.000000000000000000e+00 0.000000000000000000e+00 0.000000000000000000e+00 -4.203528691812532395e+07 5.151699408007810712e+08 0.000000000000000000e+00 0.000000000000000000e+00 0.000000000000000000e+00 -1.138699074142294750e+07 1.926651720614061356e+10 -8.382328223754962942e-05 -3.454563396980099495e-05 0.000000000000000000e+00 9.548517053493295670e+09 1.744336358996121478e-06 0.000000000000000000e+00 4.712698827911825180e+09 0.000000000000000000e+00 2.912577348773329854e+08
7.854640448318291135e+01 3.772884383040727130e+02 3.293177731850470691e-01 2.489018622551194757e-02 1.091794671485556867e+00 4.190896195888911269e-01 -8.742486269166295187e+01 6.273442333217895683e-01 1.548684077894578633e-02 1.538803673459802568e+08 1.398550267645959370e+07 0.000000000000000000e+00 0.000000000000000000e+00 0.000000000000000000e+00 -4.003074521134044975e+07 5.099475891603370309e+08 0.000000000000000000e+00 0.000000000000000000e+00 0.000000000000000000e+00 -1.076519772431869432e+07 1.891131549925717163e+10 3.450734590436240433e-05 6.384746041715611551e-05 0.000000000000000000e+00 9.047021726078125000e+09 -1.200868404664340776e-05 0.000000000000000000e+00 4.342473426730152130e+09 0.000000000000000000e+00 2.716152485464367270e+08
7.992452735460371116e+01 3.686977120992363552e+02 3.211374846636070313e-01 2.514915510315279129e-02 1.069938305683736601e+00 4.064696799546809736e-01 -8.739632546454875239e+01 6.138941629941105926e-01 1.602167699702065559e-02 1.489154929153549671e+08 1.388127098669613898e+07 0.000000000000000000e+00 0.000000000000000000e+00 0.000000000000000000e+00 -3.810890226004280150e+07 5.048582508566226363e+08 0.000000000000000000e+00 0.000000000000000000e+00 0.000000000000000000e+00 -1.026261035815869831e+07 1.855074762124298096e+10 -4.843636869391960753e-05 -1.036419472922962773e-05 0.000000000000000000e+00 8.572097581678586960e+09 -2.580323937252175347e-05 0.000000000000000000e+00 3.999300547162600994e+09 0.000000000000000000e+00 2.533217478035509288e+08
8.130268841373084854e+01 3.602031477620665214e+02 3.133626616812129062e-01 2.534123874361553924e-02 1.048829307219010243e+00 3.942016255860374407e-01 -8.738215261241383303e+01 6.011142012350538799e-01 1.645809712249333631e-02 1.441284129036997557e+08 1.372877823209192604e+07 0.000000000000000000e+00 0.000000000000000000e+00 0.000000000000000000e+00 -3.634117425401256979e+07 4.996758628589934707e+08 0.000000000000000000e+00 0.000000000000000000e+00 0.000000000000000000e+00 -9.709864125087238848e+06 1.818480492265998459e+10 2.540071537547555663e-05 -1.162525397617397572e-05 0.000000000000000000e+00 8.123835483044255257e+09 -2.402629343944929366e-05 0.000000000000000000e+00 3.681379726611290455e+09 0.000000000000000000e+00 2.363860797398285270e+08
8.268089506259106258e+01 3.517611371594904313e+02 3.058252832627828544e-01 2.546280110540358882e-02 1.028397646511293395e+00 3.823391073792098971e-01 -8.738046568481259158e+01 5.889519969874545957e-01 1.680032377862318918e-02 1.395337991719094217e+08 1.350646491136906296e+07 0.000000000000000000e+00 0.000000000000000000e+00 0.000000000000000000e+00 -3.464483378892098367e+07 4.946280837913020849e+08 0.000000000000000000e+00 0.000000000000000000e+00 0.000000000000000000e+00 -9.251689212089285254e+06 1.781320134923986053e+10 7.495874990996516266e-05 -1.050650944817194566e-05 0.000000000000000000e+00 7.699939475819147110e+09 1.126261377357871096e-05 0.000000000000000000e+00 3.387619156398950577e+09 0.000000000000000000e+00 2.206693849365234673e+08
8.405915943965767667e+01 3.434359670373922881e+02 2.986080010641147808e-01 2.552329997675934631e-02 1.008677975909532787e+00 3.708571809702606026e-01 -8.738998410568751751e+01 5.773660185291927815e-01 1.705627031009496197e-02 1.351179002052625716e+08 1.324498886999155395e+07 0.000000000000000000e+00 0.000000000000000000e+00 0.000000000000000000e+00 -3.309236032105402648e+07 4.894574371204087138e+08 0.000000000000000000e+00 0.000000000000000000e+00 0.000000000000000000e+00 -8.752595250574953854e+06 1.743826519101238632e+10 5.749487704496561929e-05 2.789936587757180892e-05 0.000000000000000000e+00 7.300021558635470390e+09 -4.265768374636878712e-06 0.000000000000000000e+00 3.116595757350850582e+09 0.000000000000000000e+00 2.061557924492881596e+08
8.543749466822448824e+01 3.351644827041522490e+02 2.915223136017515149e-01 2.552310415560996026e-02 9.895534536012408067e-01 3.597954305354376103e-01 -8.740848071364004568e+01 5.662488769223050777e-01 1.723134860875838101e-02 1.308529051468564272e+08 1.292801674294834398e+07 0.000000000000000000e+00 0.000000000000000000e+00 0.000000000000000000e+00 -3.161328063188884407e+07 4.842047653090098500e+08 0.000000000000000000e+00 0.000000000000000000e+00 0.000000000000000000e+00 -8.330232005702025257e+06 1.705876631293758202e+10 -9.071624167772576839e-06 -1.871617666192200086e-05 0.000000000000000000e+00 6.920984943570811272e+09 2.141119581370193963e-06 0.000000000000000000e+00 2.866828653271533966e+09 0.000000000000000000e+00 1.926613540197000206e+08
8.681591261777545299e+01 3.269105270609935019e+02 2.853197771560505580e-01 2.546391978221245606e-02 9.705167493003735713e-01 3.491851612738341437e-01 -8.743022343016487241e+01 5.558504578252756456e-01 1.731580050959023384e-02 1.268302399645820409e+08 1.264304187482963502e+07 0.000000000000000000e+00 0.000000000000000000e+00 0.000000000000000000e+00 -3.021515969763405621e+07 4.792918333460134864e+08 0.000000000000000000e+00 0.000000000000000000e+00 0.000000000000000000e+00 -7.882199232925253920e+06 1.667344618297209930e+10 5.073984082324503935e-06 6.093998213373669793e-08 0.000000000000000000e+00 6.553076993132328987e+09 1.169891023901225858e-05 0.000000000000000000e+00 2.636788610082048416e+09 0.000000000000000000e+00 1.801962218431304991e+08
8.819443219948861667e+01 3.186467532073464213e+02 2.794136080723922388e-01 2.535658163403296805e-02 9.517412292620992531e-01 3.390250393429390385e-01 -8.745585806473738444e+01 5.459198217458220981e-01 1.732798504349471885e-02 1.229067924783751518e+08 1.236585157483209111e+07 0.000000000000000000e+00 0.000000000000000000e+00 0.000000000000000000e+00 -2.889099334959208220e+07 4.740704994832906723e+08 0.000000000000000000e+00 0.000000000000000000e+00 0.000000000000000000e+00 -7.392335849188520573e+06 1.628180269351002502e+10 2.307865890972776957e-05 2.342223575352969498e-05 0.000000000000000000e+00 6.199111798547021866e+09 -7.569440835597458827e-07 0.000000000000000000e+00 2.425004809750202656e+09 0.000000000000000000e+00 1.685507455516507030e+08
8.957307229686544758e+01 3.104454459769762025e+02 2.740544818131500082e-01 2.520162262255701974e-02 9.333062609722887482e-01 3.292804343995311411e-01 -8.748635458527091657e+01 5.364879219024002444e-01 1.727348129198655324e-02 1.191894292945954055e+08 1.207490290227595903e+07 0.000000000000000000e+00 0.000000000000000000e+00 0.000000000000000000e+00 -2.766287753045824170e+07 4.689885703302968144e+08 0.000000000000000000e+00 0.000000000000000000e+00 0.000000000000000000e+00 -6.940415979610282928e+06 1.588588457091073608e+10 -2.682174566527561875e-05 -2.011140093957889828e-05 0.000000000000000000e+00 5.860460514693575859e+09 -8.158916750467438435e-06 0.000000000000000000e+00 2.230220314273468018e+09 0.000000000000000000e+00 1.578346559693773091e+08
9.095185099272661944e+01 3.022660578905798161e+02 2.689805305470103214e-01 2.499060712051759045e-02 9.152214825393709674e-01 3.199684634669831551e-01 -8.752168380006945370e+01 5.274609623991368679e-01 1.714417868207752937e-02 1.156220074025068879e+08 1.178265862326602452e+07 0.000000000000000000e+00 0.000000000000000000e+00 0.000000000000000000e+00 -2.648933448352272809e+07 4.638692290327927470e+08 0.000000000000000000e+00 0.000000000000000000e+00 0.000000000000000000e+00 -6.489940247314428911e+06 1.548482503547190857e+10 -2.016873218991027528e-05 7.788896077065380079e-06 0.000000000000000000e+00 5.536488151683115005e+09 2.508894235188850414e-06 0.000000000000000000e+00 2.051221302927462101e+09 0.000000000000000000e+00 1.478857121482993960e+08
9.233079532890177177e+01 2.942354974344633547e+02 2.634683639612534489e-01 2.475208131688408017e-02 8.981970174509542604e-01 3.109900317608826903e-01 -8.756665030540790440e+01 5.184455351530257161e-01 1.696303298158432366e-02 1.122163015075144619e+08 1.142057258151142299e+07 0.000000000000000000e+00 0.000000000000000000e+00 0.000000000000000000e+00 -2.540879123779985309e+07 4.585360272768882513e+08 0.000000000000000000e+00 0.000000000000000000e+00 0.000000000000000000e+00 -6.082877120782547630e+06 1.508094940581185722e+10 -3.371978431029014130e-07 -5.892118818185269144e-06 0.000000000000000000e+00 5.236672382852440834e+09 -6.490300098818293617e-06 0.000000000000000000e+00 1.886573970087685823e+09 0.000000000000000000e+00 1.387037769648883939e+08
9.370993192566545815e+01 2.861958563972874003e+02 2.583737820357741022e-01 2.446389966571676025e-02 8.812658340713452887e-01 3.024333185197849438e-01 -8.761445292726823197e+01 5.097470057651097841e-01 1.672432345337736617e-02 1.089488703896146566e+08 1.106927957691695727e+07 0.000000000000000000e+00 0.000000000000000000e+00 0.000000000000000000e+00 -2.437298643725059181e+07 4.532200004591382742e+08 0.000000000000000000e+00 0.000000000000000000e+00 0.000000000000000000e+00 -5.679408992350304499e+06 1.467117787377136040e+10 -8.838066308583887229e-06 -1.392593823644524641e-05 0.000000000000000000e+00 4.946286323577417374e+09 7.671769769523199436e-07 0.000000000000000000e+00 1.735155053390216827e+09 0.000000000000000000e+00 1.301773300924938619e+08
9.508928668770445825e+01 2.782819359602016220e+02 2.531529406941727678e-01 2.415296144543144924e-02 8.652616889034545622e-01 2.942079129661546721e-01 -8.766990631049363003e+01 5.012480073618994503e-01 1.644445955631084269e-02 1.058490377267273664e+08 1.066849172469708882e+07 0.000000000000000000e+00 0.000000000000000000e+00 0.000000000000000000e+00 -2.343579710886216164e+07 4.477201100518997908e+08 0.000000000000000000e+00 0.000000000000000000e+00 0.000000000000000000e+00 -5.296819712564007379e+06 1.425809203185358810e+10 3.263022168324201228e-05 -2.157231967811788298e-05 0.000000000000000000e+00 4.675861499865027428e+09 6.267018288005447846e-06 0.000000000000000000e+00 1.595872386583972216e+09 0.000000000000000000e+00 1.223318967085777968e+08
9.646889620531526077e+01 2.702993404901338863e+02 2.481044400948119732e-01 2.381327677543761123e-02 8.496129652082998751e-01 2.863862546413760701e-01 -8.772204762707764303e+01 4.929606445624555855e-01 1.612552020071723533e-02 1.028657249791383892e+08 1.029354650047455914e+07 0.000000000000000000e+00 0.000000000000000000e+00 0.000000000000000000e+00 -2.253090173452110589e+07 4.420932676451522112e+08 0.000000000000000000e+00 0.000000000000000000e+00 0.000000000000000000e+00 -4.945189796891496517e+06 1.383628184626450539e+10 1.461807744202343060e-05 -6.279093666694577443e-06 0.000000000000000000e+00 4.414213527629944801e+09 4.789777981348653936e-06 0.000000000000000000e+00 1.467435173442015648e+09 0.000000000000000000e+00 1.150010097710152119e+08
9.784879784878248188e+01 2.622234875972120562e+02 2.435398758522578921e-01 2.341809833826104595e-02 8.341854485268179742e-01 2.789644775159711432e-01 -8.777264728888260947e+01 4.850057295547292036e-01 1.575803799629453203e-02 9.996509667472340167e+07 9.918387754114083946e+06 0.000000000000000000e+00 0.000000000000000000e+00 0.000000000000000000e+00 -2.165241483758291602e+07 4.362164030063635707e+08 0.000000000000000000e+00 0.000000000000000000e+00 0.000000000000000000e+00 -4.643681045686349273e+06 1.340556697695012093e+10 -1.454923794958488714e-05 4.102481799533349377e-06 0.000000000000000000e+00 4.159339565135249138e+09 -7.160958381108518722e-06 0.000000000000000000e+00 1.348931889554146767e+09 0.000000000000000000e+00 1.081122897017010003e+08
9.922902753930392805e+01 2.542165013601482997e+02 2.388032198145834117e-01 2.301326438580274941e-02 8.195263631911448021e-01 2.718617624849398173e-01 -8.782259289075130937e+01 4.770246079355631164e-01 1.538319376175441289e-02 9.723920865933907032e+07 9.544471282809341326e+06 0.000000000000000000e+00 0.000000000000000000e+00 0.000000000000000000e+00 -2.083549726166145876e+07 4.303485061787105203e+08 0.000000000000000000e+00 0.000000000000000000e+00 0.000000000000000000e+00 -4.382657140856010839e+06 1.297161084439347839e+10 3.617469043740758060e-05 -6.301634733465183339e-06 0.000000000000000000e+00 3.919009676347654343e+09 1.636910692531197000e-06 0.000000000000000000e+00 1.239794972457564116e+09 0.000000000000000000e+00 1.017705635125449151e+08
1.006096324512517981e+02 2.461507311619152460e+02 2.342611918175487862e-01 2.258751229134576405e-02 8.051660669422130434e-01 2.651172145689359438e-01 -8.786925734182979397e+01 4.692898553939398587e-01 1.499521404162261484e-02 9.455780294421213865e+07 9.204350139700533822e+06 0.000000000000000000e+00 0.000000000000000000e+00 0.000000000000000000e+00 -2.002797836406507343e+07 4.240988488815138936e+08 0.000000000000000000e+00 0.000000000000000000e+00 0.000000000000000000e+00 -4.104789670940772630e+06 1.253242666131915092e+10 -6.563299842303193297e-06 4.885527035544419400e-06 0.000000000000000000e+00 3.686656346456036091e+09 2.066831515938149475e-06 0.000000000000000000e+00 1.139122006171794415e+09 0.000000000000000000e+00 9.577139576554663479e+07
1.019906646244683799e+02 2.378897940452422404e+02 2.307277096209851275e-01 2.212102398312866883e-02 7.909475299907414714e-01 2.587737977272481227e-01 -8.790007477969884064e+01 4.621799032988962441e-01 1.458821596666069753e-02 9.202310768532946706e+07 8.955894856729894876e+06 0.000000000000000000e+00 0.000000000000000000e+00 0.000000000000000000e+00 -1.923380755536961555e+07 4.180306576776867509e+08 0.000000000000000000e+00 0.000000000000000000e+00 0.000000000000000000e+00 -3.881692823877527378e+06 1.208323882244808960e+10 1.501278865779704223e-05 -4.363267809943362425e-06 0.000000000000000000e+00 3.456247511697360039e+09 -4.093493490054854446e-06 0.000000000000000000e+00 1.045913674226009011e+09 0.000000000000000000e+00 9.016501501857310534e+07
1.033721752787667612e+02 2.293951482714406893e+02 2.284991870383450974e-01 2.166983039143316470e-02 7.762483994211002436e-01 2.528372773645791716e-01 -8.791260853886386428e+01 4.557383680571499562e-01 1.423114290443965729e-02 8.954217131059533358e+07 8.800799915550982580e+06 0.000000000000000000e+00 0.000000000000000000e+00 0.000000000000000000e+00 -1.843158311126286909e+07 4.118534789731543064e+08 0.000000000000000000e+00 0.000000000000000000e+00 0.000000000000000000e+00 -3.697936603057277855e+06 1.162464190068719864e+10 1.105762929405860407e-05 -4.211040043588087025e-06 0.000000000000000000e+00 3.224405945071660519e+09 3.167768480349276988e-06 0.000000000000000000e+00 9.595404913118615150e+08 0.000000000000000000e+00 8.483525078974065185e+07
1.047542220999307148e+02 2.208919302454231399e+02 2.261079492364015675e-01 2.120812320195847311e-02 7.619278339753817741e-01 2.471655085835016141e-01 -8.792378261997804145e+01 4.492310320692399772e-01 1.388321346495230771e-02 8.709139895279164612e+07 8.655723971733018756e+06 0.000000000000000000e+00 0.000000000000000000e+00 0.000000000000000000e+00 -1.760190495917474106e+07 4.054298646191220284e+08 0.000000000000000000e+00 0.000000000000000000e+00 0.000000000000000000e+00 -3.550225911707128398e+06 1.116314114152051163e+10 1.576182353687713549e-06 -1.549976621335352399e-06 0.000000000000000000e+00 3.003010139236607552e+09 -3.783352106268380453e-06 0.000000000000000000e+00 8.795556332519804239e+08 0.000000000000000000e+00 7.976930792757250369e+07
1.061368743271531372e+02 2.130387622169292001e+02 2.250212102663540215e-01 2.075285589796716651e-02 7.473715225900837700e-01 2.417145315673120132e-01 -8.793339913663798768e+01 4.429373148086535039e-01 1.357501219533529570e-02 8.518572516072252393e+07 8.727432738472990692e+06 0.000000000000000000e+00 0.000000000000000000e+00 0.000000000000000000e+00 -1.720117834313952178e+07 4.029166958685911894e+08 0.000000000000000000e+00 0.000000000000000000e+00 0.000000000000000000e+00 -3.358939079948130064e+06 1.070979919440258980e+10 4.519878280980104053e-06 -8.167028503783082448e-06 0.000000000000000000e+00 2.793084393439495087e+09 -5.102471692882099343e-06 0.000000000000000000e+00 8.059005993328073025e+08 0.000000000000000000e+00 7.583775940851218998e+07
1.075202077464877988e+02 2.042813106201548976e+02 2.243148958333769927e-01 2.028712063833679191e-02 7.325419012732523605e-01 2.366051407540549767e-01 -8.791824490707681150e+01 4.372040322194242767e-01 1.328919256914668813e-02 8.285038082534937561e+07 8.752167015925750136e+06 0.000000000000000000e+00 0.000000000000000000e+00 0.000000000000000000e+00 -1.632402187038247287e+07 3.963857481197820306e+08 0.000000000000000000e+00 0.000000000000000000e+00 0.000000000000000000e+00 -3.220554245025294833e+06 1.023788722407255554e+10 1.776890163672669904e-05 -2.448356892789981086e-06 0.000000000000000000e+00 2.577909529046250820e+09 -5.843439932463187517e-07 0.000000000000000000e+00 7.366582253037294149e+08 0.000000000000000000e+00 7.121594269950102270e+07
1.089042966798054408e+02 1.955672736351798733e+02 2.236515739911291989e-01 1.987325059346072356e-02 7.177947949115881521e-01 2.316479903149415154e-01 -8.789922508007626334e+01 4.313720135093255248e-01 1.309013287111217803e-02 8.053195688995315135e+07 8.800360277752479538e+06 0.000000000000000000e+00 0.000000000000000000e+00 0.000000000000000000e+00 -1.544442610992165282e+07 3.896559849663045406e+08 0.000000000000000000e+00 0.000000000000000000e+00 0.000000000000000000e+00 -3.095803588003652170e+06 9.764928976364450455e+09 -5.342784807285812166e-06 5.922093551443825382e-06 0.000000000000000000e+00 2.372252344596972466e+09 -4.275660349307363317e-06 0.000000000000000000e+00 6.720628990820728540e+08 0.000000000000000000e+00 6.682045808059211075e+07
1.102892265690197746e+02 1.875903669179119788e+02 2.229720751538137313e-01 1.958498704102864738e-02 7.031673191219873775e-01 2.266142936072756409e-01 -8.789465069262489294e+01 4.249567899555647399e-01 1.304734332301260048e-02 7.857368397415542603e+07 8.902412904864268377e+06 0.000000000000000000e+00 0.000000000000000000e+00 0.000000000000000000e+00 -1.490276774509966746e+07 3.852660384978299141e+08 0.000000000000000000e+00 0.000000000000000000e+00 0.000000000000000000e+00 -2.906904051789371297e+06 9.304167512924177170e+09 2.339852932964369218e-06 -3.213158389332439402e-06 0.000000000000000000e+00 2.184251077149072170e+09 -3.191475395577601996e-06 0.000000000000000000e+00 6.120339139128282070e+08 0.000000000000000000e+00 6.314868008178228885e+07
1.116750974425048355e+02 1.792407215133748934e+02 2.204960208564091251e-01 1.943629462245189884e-02 6.892400104364295732e-01 2.216177650344186567e-01 -8.790094439593889319e+01 4.176898879136884402e-01 1.325002240138796993e-02 7.614167720846396685e+07 8.751395356067635119e+06 0.000000000000000000e+00 0.000000000000000000e+00 0.000000000000000000e+00 -1.400990233688104153e+07 3.768969854000455141e+08 0.000000000000000000e+00 0.000000000000000000e+00 0.000000000000000000e+00 -2.722768153836792335e+06 8.838167730915802002e+09 -2.055681299075884513e-06 -2.312860559194106588e-06 0.000000000000000000e+00 2.007664125350483179e+09 -1.195296786260961114e-07 0.000000000000000000e+00 5.553999109221864939e+08 0.000000000000000000e+00 5.903103264412490278e+07
1.130620189635413197e+02 1.710027139990756950e+02 2.176419799454357151e-01 1.946120728800810468e-02 6.753678875796018666e-01 2.165660630532173503e-01 -8.791183780698410999e+01 4.099050611914440978e-01 1.370075088139865137e-02 7.372329711524486542e+07 8.567929111834861338e+06 0.000000000000000000e+00 0.000000000000000000e+00 0.000000000000000000e+00 -1.318011120565611124e+07 3.680352176678983569e+08 0.000000000000000000e+00 0.000000000000000000e+00 0.000000000000000000e+00 -2.503294039941579569e+06 8.373400361874762535e+09 -2.114429529738390278e-06 1.332781338038724054e-06 0.000000000000000000e+00 1.840915529223949194e+09 1.767540162999936809e-06 0.000000000000000000e+00 5.020910505989977121e+08 0.000000000000000000e+00 5.512271155232214183e+07
1.144501048489084667e+02 1.629149100222835500e+02 2.141909884446448475e-01 1.954496716239777915e-02 6.616935863896890035e-01 2.114060536366393905e-01 -8.793571682993807315e+01 4.014585058238853144e-01 1.423519655838030758e-02 7.124159664692676067e+07 8.301199609294936061e+06 0.000000000000000000e+00 0.000000000000000000e+00 0.000000000000000000e+00 -1.236018668303227797e+07 3.585494750693798065e+08 0.000000000000000000e+00 0.000000000000000000e+00 0.000000000000000000e+00 -2.282891424969888758e+06 7.913198016914958954e+09 -2.418114409298736671e-05 5.571729154179179482e-07 0.000000000000000000e+00 1.684640255290413857e+09 -8.395480521247026238e-07 0.000000000000000000e+00 4.519669077918392420e+08 0.000000000000000000e+00 5.134165436227200180e+07
1.158394785111486556e+02 1.549384803063834397e+02 2.104712644625226781e-01 1.960091596952626483e-02 6.477963444856730257e-01 2.061473314845242155e-01 -8.797463170512304487e+01 3.924272090865512652e-01 1.467651341813363403e-02 6.866025774776351452e+07 7.916076793461514637e+06 0.000000000000000000e+00 0.000000000000000000e+00 0.000000000000000000e+00 -1.155357529886810668e+07 3.482769134302848577e+08 0.000000000000000000e+00 0.000000000000000000e+00 0.000000000000000000e+00 -2.117582674841033295e+06 7.459612104775071144e+09 -3.421956242831316566e-08 -5.209835292510402769e-06 0.000000000000000000e+00 1.536545510513157606e+09 -1.251834387289180846e-07 0.000000000000000000e+00 4.049360500796269178e+08 0.000000000000000000e+00 4.764020717717838287e+07
1.172302816594884973e+02 1.472082170523807179e+02 2.061405144167060000e-01 1.964833702891611786e-02 6.338516397382080170e-01 2.006746297582694960e-01 -8.803378703051042464e+01 3.825854572691998468e-01 1.501602794080754942e-02 6.599430678224259615e+07 7.457161897451148368e+06 0.000000000000000000e+00 0.000000000000000000e+00 0.000000000000000000e+00 -1.075009207387022302e+07 3.378426323521897197e+08 0.000000000000000000e+00 0.000000000000000000e+00 0.000000000000000000e+00 -1.988532080151547678e+06 7.016398866576623917e+09 8.341173640548735850e-06 8.762941819406455289e-06 0.000000000000000000e+00 1.398027413512135983e+09 8.877144851996505524e-07 0.000000000000000000e+00 3.608807116537953615e+08 0.000000000000000000e+00 4.406421615655413270e+07
1.186226628444445623e+02 1.395065488701396248e+02 2.015420335886112246e-01 1.972073827243953428e-02 6.193249065829622424e-01 1.950008445357965525e-01 -8.811019459966765055e+01 3.720844908646043780e-01 1.536073085367522031e-02 6.317460874603231251e+07 6.897235896518960595e+06 0.000000000000000000e+00 0.000000000000000000e+00 0.000000000000000000e+00 -9.939639291315013543e+06 3.266623610443213582e+08 0.000000000000000000e+00 0.000000000000000000e+00 0.000000000000000000e+00 -1.881370809924199246e+06 6.577139442169610023e+09 -1.175152094720686400e-05 -9.292171440033850296e-07 0.000000000000000000e+00 1.265438344734590530e+09 1.646398212445721705e-07 0.000000000000000000e+00 3.193454408139716983e+08 0.000000000000000000e+00 4.053107980477698147e+07
1.200167891687643760e+02 1.318351790230260860e+02 1.960545616756426968e-01 1.989000125157181290e-02 6.047407352145722781e-01 1.890101190318899671e-01 -8.820724903494188140e+01 3.605463213958372548e-01 1.581514637429885795e-02 6.019106038040496409e+07 6.244611352748288773e+06 0.000000000000000000e+00 0.000000000000000000e+00 0.000000000000000000e+00 -9.136716624794960022e+06 3.145760578485045433e+08 0.000000000000000000e+00 0.000000000000000000e+00 0.000000000000000000e+00 -1.770084446636206470e+06 6.137080107511613846e+09 -1.686776015861266083e-06 3.224039161121700778e-07 0.000000000000000000e+00 1.140327153271688223e+09 4.362173027299317323e-07 0.000000000000000000e+00 2.799555482824701667e+08 0.000000000000000000e+00 3.704759371597117931e+07
1.214128379811586740e+02 1.238654467142427507e+02 1.899507576966758815e-01 2.020656017107264751e-02 5.895930965687622427e-01 1.827196959710982171e-01 -8.831877464835154967e+01 3.480900946126290751e-01 1.646503390483904095e-02 5.691520162724203616e+07 5.488517762000671588e+06 0.000000000000000000e+00 0.000000000000000000e+00 0.000000000000000000e+00 -8.282187387558894232e+06 3.005060032699692249e+08 0.000000000000000000e+00 0.000000000000000000e+00 0.000000000000000000e+00 -1.661416452547564171e+06 5.687436551022994995e+09 9.735561995854952603e-06 -2.079732406667463440e-06 0.000000000000000000e+00 1.018951748095523477e+09 1.334089581114394412e-06 0.000000000000000000e+00 2.424277438624521792e+08 0.000000000000000000e+00 3.349034063096955419e+07
1.228109936662188488e+02 1.163057613199291183e+02 1.838602555797548832e-01 2.062179133292546887e-02 5.741364570150820912e-01 1.759075559502186747e-01 -8.845993151381718178e+01 3.345395607175313257e-01 1.724862724836624672e-02 5.372947915081837773e+07 4.668472863691258244e+06 0.000000000000000000e+00 0.000000000000000000e+00 0.000000000000000000e+00 -7.612168406008770689e+06 2.868282258682376146e+08 0.000000000000000000e+00 0.000000000000000000e+00 0.000000000000000000e+00 -1.513154093648432754e+06 5.242415795233624458e+09 -8.198209078537086465e-06 -2.092563759208530640e-06 0.000000000000000000e+00 9.063339655147811174e+08 -1.662077898054393507e-06 0.000000000000000000e+00 2.072564983289626837e+08 0.000000000000000000e+00 3.021369696169383079e+07
1.242114552704119177e+02 1.082146836505770580e+02 1.766057639795744483e-01 2.112136355143060321e-02 5.578399776035115609e-01 1.688020779241638514e-01 -8.861352731080191347e+01 3.197882168534404990e-01 1.814451267839502571e-02 5.047255853220687062e+07 3.686114419322485104e+06 0.000000000000000000e+00 0.000000000000000000e+00 0.000000000000000000e+00 -6.768867052986686118e+06 2.700652854688861966e+08 0.000000000000000000e+00 0.000000000000000000e+00 0.000000000000000000e+00 -1.391356248559440486e+06 4.784790010905729294e+09 -1.740736794422978665e-05 4.552575066877336625e-06 0.000000000000000000e+00 7.961155106382321119e+08 3.715031933127415578e-07 0.000000000000000000e+00 1.741887732109363973e+08 0.000000000000000000e+00 2.677637049857884645e+07
1.256144210582078671e+02 1.002987277788028280e+02 1.689521891532225761e-01 2.170188792872531150e-02 5.412850210957763641e-01 1.611053151423900709e-01 -8.879825779818979470e+01 3.036803736827497491e-01 1.915666541817000190e-02 4.676499773878560960e+07 2.754586176783411764e+06 0.000000000000000000e+00 0.000000000000000000e+00 0.000000000000000000e+00 -6.077506717879179865e+06 2.531438810933551788e+08 0.000000000000000000e+00 0.000000000000000000e+00 0.000000000000000000e+00 -1.252748829482301138e+06 4.324899618101255417e+09 6.875763169982576009e-06 5.154957148131961985e-07 0.000000000000000000e+00 6.932896226484296322e+08 -1.159702356334874011e-06 0.000000000000000000e+00 1.435453825981026888e+08 0.000000000000000000e+00 2.350062966703236103e+07
1.270200912246887128e+02 9.083734620674270843e+01 1.595484860323309606e-01 2.233601167486181857e-02 5.243567635611929845e-01 1.530328118154278272e-01 -8.900505389159714298e+01 2.855680335278453219e-01 2.024691887246075211e-02 4.247042420054518431e+07 1.747728777787591331e+06 0.000000000000000000e+00 0.000000000000000000e+00 0.000000000000000000e+00 -5.301668729638502933e+06 2.313101267967112958e+08 0.000000000000000000e+00 0.000000000000000000e+00 0.000000000000000000e+00 -1.098489848609616049e+06 3.789426723827180862e+09 3.613767499214815152e-07 2.774944427807630043e-06 0.000000000000000000e+00 5.863148848249927759e+08 -8.131034605657235112e-07 0.000000000000000000e+00 1.135888716815596223e+08 0.000000000000000000e+00 2.002429062249146029e+07
1.284286522190307380e+02 7.941810718518871681e+01 1.470900045882946594e-01 2.288602423026186647e-02 5.092711488047431123e-01 1.442503021812272523e-01 -8.924986999689846812e+01 2.640756523467400751e-01 2.128787666424286282e-02 3.751708880105368793e+07 6.050936338182744803e+05 0.000000000000000000e+00 0.000000000000000000e+00 0.000000000000000000e+00 -4.554655979068385437e+06 2.032673658650105298e+08 0.000000000000000000e+00 0.000000000000000000e+00 0.000000000000000000e+00 -9.635440170137323439e+05 3.145523758712176800e+09 4.244839535038677588e-06 4.387313334352458662e-06 0.000000000000000000e+00 4.758778286511590481e+08 2.955475605411265873e-07 0.000000000000000000e+00 8.411597416440840065e+07 0.000000000000000000e+00 1.638978823958499171e+07
1.298402830023864567e+02 6.826966836893710422e+01 1.375447137274970200e-01 2.322569611250147395e-02 4.901451832567901845e-01 1.354771134931917753e-01 -8.947299651938577369e+01 2.433956759330929143e-01 2.210641802268517586e-02 3.239499975140991062e+07 -1.414015392793978099e+05 0.000000000000000000e+00 0.000000000000000000e+00 0.000000000000000000e+00 -3.779196944681851193e+06 1.747914772261687815e+08 0.000000000000000000e+00 0.000000000000000000e+00 0.000000000000000000e+00 -7.843582548640486784e+05 2.578756457444370747e+09 5.645588977207808449e-06 1.167493041747391698e-06 0.000000000000000000e+00 3.751084460942304730e+08 1.815910673334965974e-07 0.000000000000000000e+00 6.080842179729772359e+07 0.000000000000000000e+00 1.301382866106672212e+07
1.312551750201775178e+02 6.038455525117888811e+01 1.334209900768903445e-01 2.318013744320733191e-02 4.649839021489061697e-01 1.271019928894873141e-01 -8.964535942429355941e+01 2.276121486538573713e-01 2.248057372943720877e-02 2.789224363146332279e+07 -3.688054838455556892e+05 0.000000000000000000e+00 0.000000000000000000e+00 0.000000000000000000e+00 -3.016656020615627524e+06 1.526642157510418892e+08 0.000000000000000000e+00 0.000000000000000000e+00 0.000000000000000000e+00 -6.137920632833782583e+05 2.294818865797002792e+09 -1.734902544616407152e-02 4.134999146840036971e-03 0.000000000000000000e+00 3.071993764187359810e+08 -1.750890694800280849e-03 0.000000000000000000e+00 4.717312305719245225e+07 0.000000000000000000e+00 1.035067572320643626e+07
1.326735443280525146e+02 4.902192474362444585e+01 1.148063468694382888e-01 2.271780593336120840e-02 4.334318591715204394e-01 1.231228435606647326e-01 -8.939040771315953293e+01 2.096022321586515635e-01 2.236674248194162745e-02 7.510559438202681951e+06 3.428668485647162888e+06 0.000000000000000000e+00 0.000000000000000000e+00 0.000000000000000000e+00 -2.953907316802629270e+06 1.318832940613638461e+08 0.000000000000000000e+00 0.000000000000000000e+00 0.000000000000000000e+00 -3.291662167663308792e+05 2.029344894714540005e+09 2.089063561535785610e-02 -7.152188845836769844e-03 0.000000000000000000e+00 2.234805240541881025e+08 -3.867136344438862165e-03 0.000000000000000000e+00 3.745861433073538542e+07 0.000000000000000000e+00 6.224473508709722199e+06
1.340958520828506551e+02 3.857234787163232426e+01 9.938786766497030578e-02 2.132865750241306341e-02 3.874273968465418716e-01 1.146946814914990009e-01 -8.850966025373084278e+01 1.830782981102489770e-01 2.132294227985210081e-02 5.695057998051604256e+06 4.064801026527164970e+06 0.000000000000000000e+00 0.000000000000000000e+00 0.000000000000000000e+00 -1.928155486207523383e+06 1.061190204546550959e+08 0.000000000000000000e+00 0.000000000000000000e+00 0.000000000000000000e+00 -3.319291504943645559e+05 1.530596307060061455e+09 1.179495579849561618e-02 4.940602195376983530e-02 0.000000000000000000e+00 1.192383238098752499e+08 -1.931004215368099710e-03 0.000000000000000000e+00 2.526469611976706609e+07 0.000000000000000000e+00 3.957110274114391301e+06
1.355231376331679485e+02 2.579356961366437417e+01 7.242838287495836913e-02 1.800130655702807114e-02 3.234409384883628613e-01 9.707515731055094133e-02 -8.767511241239985509e+01 1.400876645975208390e-01 1.812442626075247767e-02 3.773625904974936508e+06 3.569443177723388653e+06 0.000000000000000000e+00 0.000000000000000000e+00 0.000000000000000000e+00 -1.019114085661453893e+06 7.248944821179407835e+07 0.000000000000000000e+00 0.000000000000000000e+00 0.000000000000000000e+00 -3.206776333717601374e+05 9.094043342268946171e+08 -1.641556582600515969e-03 -1.877449686571403681e-02 0.000000000000000000e+00 4.431222406963049620e+07 6.487809032627202136e-04 0.000000000000000000e+00 1.113079590491390787e+07 0.000000000000000000e+00 1.851638487562362570e+06
1.369577658694051649e+02 1.068524894648403745e+01 1.775140914800217573e-02 1.303842741921211988e-02 2.590426453024234354e-01 6.209346767946347101e-02 -9.049686113270378485e+01 1.763486010769831080e-02 1.303936977503053485e-02 1.909580901870014612e+06 -2.996040060101115159e+04 0.000000000000000000e+00 0.000000000000000000e+00 0.000000000000000000e+00 -5.264466136330369627e+05 3.358423793172987550e+07 0.000000000000000000e+00 0.000000000000000000e+00 0.000000000000000000e+00 -1.688716704972772859e+05 1.422303370760274529e+08 -5.860490741002791845e-08 1.469831679275270173e-06 0.000000000000000000e+00 9.542231232915841043e+06 1.130383709414401442e-07 0.000000000000000000e+00 5.464076711051667808e+05 0.000000000000000000e+00 5.627881519013734069e+05
1.376792461868652424e+02 7.099603049763367757e+00 1.627042262015856999e-02 9.901638923418056362e-03 1.939988403478903889e-01 4.691503549714962085e-02 -9.053690563143308623e+01 1.619761102366314154e-02 9.903310194866883284e-03 1.231194115303738043e+06 -1.999621083316134172e+04 0.000000000000000000e+00 0.000000000000000000e+00 0.000000000000000000e+00 -2.625351893715781043e+05 2.211672636771746352e+07 0.000000000000000000e+00 0.000000000000000000e+00 0.000000000000000000e+00 -7.952489543156247237e+04 9.338598623636135459e+07 -9.251283391153692057e-07 -7.628834082754984062e-07 0.000000000000000000e+00 3.512849336448355578e+06 -8.298956253225590649e-08 0.000000000000000000e+00 2.045797718364701723e+05 0.000000000000000000e+00 2.091293291327532497e+05
1.384046839480067206e+02 3.511119081440729595e+00 1.351944747358310717e-02 5.871479310400412599e-03 1.109966181901493182e-01 2.744340587068219359e-02 -9.063844912788800912e+01 1.345481733170106331e-02 5.873423347707260565e-03 5.515011292594780680e+05 -9.610529467187423506e+03 0.000000000000000000e+00 0.000000000000000000e+00 0.000000000000000000e+00 -7.583316358895369922e+04 1.081573867725742981e+07 0.000000000000000000e+00 0.000000000000000000e+00 0.000000000000000000e+00 -1.951691749930377409e+04 4.542202047712346166e+07 1.238554090588829190e-03 1.947026733152249639e-02 0.000000000000000000e+00 5.590791478506074054e+05 -2.774869964505621649e-04 0.000000000000000000e+00 3.392945603174569987e+04 0.000000000000000000e+00 3.368534197154791036e+04
