# ----- Rotor performance tables for the WEIS Turbine wind turbine ----- 
# ------------ Written on Dec-19-22 using the ROSCO toolbox ------------ 

# Pitch angle vector, 20 entries - x axis (matrix columns) (deg)
-5.0   -3.158   -1.316   0.5263   2.368   4.211   6.053   7.895   9.737   11.58   13.42   15.26   17.11   18.95   20.79   22.63   24.47   26.32   28.16   30.0   
# TSR vector, 20 entries - y axis (matrix rows) (-)
2.0    2.526    3.053    3.579    4.105    4.632    5.158    5.684    6.211    6.737    7.263    7.789    8.316    8.842    9.368    9.895    10.42    10.95    11.47    12.0    
# Wind speed vector - z axis (m/s)
11.59    

# Power coefficient

0.005579   0.008524   0.011465   0.014390   0.017283   0.020146   0.023055   0.026170   0.029698   0.033795   0.038445   0.043406   0.048279   0.052534   0.055555   0.056877   0.056381   0.054274   0.050940   0.046722   
0.013224   0.018190   0.023088   0.028018   0.033248   0.039129   0.045971   0.053799   0.062172   0.070341   0.077272   0.081737   0.083009   0.081239   0.077110   0.071388   0.064636   0.057113   0.048883   0.039949   
0.025117   0.032962   0.041303   0.050685   0.061589   0.074025   0.087163   0.099612   0.109308   0.114193   0.113871   0.109386   0.102066   0.093056   0.082996   0.072036   0.060161   0.047334   0.033556   0.018945   
0.042637   0.055886   0.071046   0.088585   0.107756   0.126569   0.141818   0.150003   0.150347   0.144651   0.134925   0.122873   0.109522   0.095059   0.079438   0.062585   0.044465   0.025199   0.005021   -0.015743   
0.069067   0.091296   0.116775   0.143754   0.168454   0.185431   0.191283   0.187598   0.177368   0.163069   0.146650   0.128856   0.109666   0.088972   0.066690   0.042823   0.017561   -0.008768   -0.035729   -0.062473   
0.107662   0.142211   0.178172   0.209563   0.229114   0.234099   0.227823   0.214023   0.195657   0.174975   0.152651   0.128586   0.102659   0.074749   0.044827   0.013152   -0.019884   -0.053779   -0.087517   -0.118129   
0.160529   0.206792   0.246821   0.271585   0.278383   0.271447   0.255329   0.233542   0.208835   0.182129   0.153321   0.122247   0.088713   0.052638   0.014279   -0.025928   -0.067427   -0.109233   -0.148129   -0.179073   
0.224987   0.276314   0.310033   0.322312   0.317397   0.300831   0.276799   0.248676   0.218050   0.184907   0.149015   0.110127   0.068057   0.022976   -0.024658   -0.074243   -0.124898   -0.173833   -0.215153   -0.244536   
0.292779   0.339650   0.362031   0.362886   0.348686   0.324462   0.294218   0.260513   0.223758   0.183693   0.140014   0.092419   0.040909   -0.014093   -0.071956   -0.131828   -0.191787   -0.246145   -0.287616   -0.315934   
0.353574   0.391253   0.402967   0.395182   0.374018   0.344048   0.308727   0.269530   0.226321   0.178759   0.126463   0.069232   0.007334   -0.058606   -0.127723   -0.198702   -0.267359   -0.325210   -0.366341   -0.394956   
0.400864   0.429802   0.434010   0.420664   0.394872   0.360664   0.320852   0.276054   0.225971   0.170209   0.108413   0.040594   -0.032724   -0.110691   -0.192146   -0.274680   -0.351084   -0.411051   -0.452529   -0.483328   
0.430991   0.454957   0.456159   0.440478   0.412160   0.374881   0.330861   0.280264   0.222799   0.158067   0.085866   0.006457   -0.079386   -0.170540   -0.265398   -0.359585   -0.442680   -0.504436   -0.547486   -0.582622   
0.440473   0.466315   0.469774   0.455181   0.426319   0.386945   0.338870   0.282236   0.216820   0.142336   0.058792   -0.033275   -0.132822   -0.238401   -0.347608   -0.453349   -0.542309   -0.606323   -0.652579   -0.694235   
0.429137   0.461384   0.474326   0.464752   0.437456   0.396881   0.344919   0.281987   0.208034   0.122997   0.027124   -0.078740   -0.193247   -0.314540   -0.438907   -0.556003   -0.650482   -0.717726   -0.769115   -0.819415   
0.407473   0.441902   0.468047   0.468622   0.445436   0.404631   0.349000   0.279511   0.196436   0.100005   -0.009238   -0.130113   -0.260910   -0.399219   -0.539450   -0.667743   -0.767905   -0.839670   -0.898256   -0.959256   
0.382577   0.419529   0.451146   0.465701   0.449912   0.410087   0.351088   0.274799   0.182002   0.073292   -0.050424   -0.187594   -0.336081   -0.492700   -0.649445   -0.788936   -0.895363   -0.973180   -1.041042   -1.114652   
0.353833   0.395036   0.430733   0.454901   0.450305   0.413104   0.351143   0.267832   0.164691   0.042773   -0.096586   -0.251402   -0.419044   -0.595259   -0.769141   -0.920064   -1.033645   -1.119229   -1.198412   -1.286404   
0.320812   0.367783   0.408328   0.438723   0.445735   0.413488   0.349109   0.258577   0.144443   0.008339   -0.147890   -0.321772   -0.510087   -0.707185   -0.898846   -1.061676   -1.183523   -1.278711   -1.371239   -1.475280   
0.283226   0.337364   0.383855   0.420312   0.435479   0.410975   0.344917   0.246992   0.121188   -0.030126   -0.204516   -0.398949   -0.609502   -0.828784   -1.038933   -1.214355   -1.345757   -1.452458   -1.560334   -1.682030   
0.240876   0.303503   0.357135   0.400109   0.421055   0.405202   0.338484   0.233021   0.094845   -0.072754   -0.266654   -0.483184   -0.717582   -0.960371   -1.189819   -1.378694   -1.521108   -1.641253   -1.766435   -1.907414   


#  Thrust coefficient

0.061431   0.060992   0.060523   0.060029   0.059524   0.059056   0.058722   0.058677   0.059127   0.060245   0.062045   0.064325   0.066733   0.068768   0.069823   0.069433   0.067469   0.064105   0.059681   0.054498   
0.079050   0.078742   0.078478   0.078413   0.078796   0.079956   0.082231   0.085703   0.090022   0.094537   0.098270   0.100003   0.098985   0.095309   0.089565   0.082433   0.074410   0.065712   0.056396   0.046482   
0.101892   0.102271   0.103394   0.105752   0.109874   0.115886   0.123150   0.130458   0.135811   0.137120   0.133879   0.126974   0.117580   0.106713   0.094933   0.082368   0.069025   0.054914   0.040085   0.024730   
0.131532   0.134510   0.139706   0.147742   0.158187   0.169412   0.178362   0.181441   0.177645   0.168514   0.155842   0.141145   0.125318   0.108532   0.090790   0.072087   0.052471   0.032164   0.011504   -0.009097   
0.170959   0.179373   0.191842   0.207240   0.222274   0.231461   0.231019   0.222111   0.207415   0.189174   0.169104   0.147858   0.125477   0.101952   0.077309   0.051676   0.025395   -0.001073   -0.027195   -0.052074   
0.223285   0.240332   0.261041   0.280024   0.289652   0.286454   0.273169   0.253232   0.229358   0.203526   0.176367   0.147899   0.118139   0.087127   0.055003   0.022224   -0.010647   -0.042986   -0.073729   -0.100110   
0.291493   0.317661   0.341532   0.353336   0.349167   0.332555   0.307795   0.278199   0.246231   0.212764   0.177851   0.141517   0.103765   0.064732   0.024926   -0.014999   -0.054331   -0.092010   -0.125050   -0.149000   
0.375422   0.405446   0.422024   0.419493   0.401138   0.372331   0.337196   0.298869   0.258817   0.217200   0.174010   0.129238   0.082959   0.035643   -0.011969   -0.059065   -0.104646   -0.146082   -0.178208   -0.197430   
0.469919   0.493986   0.496496   0.478859   0.447417   0.407438   0.362869   0.316070   0.267560   0.217323   0.165328   0.111566   0.056377   0.000543   -0.055021   -0.109289   -0.160356   -0.203218   -0.231764   -0.246083   
0.566454   0.577714   0.564462   0.532737   0.489355   0.439251   0.385764   0.330290   0.272913   0.213570   0.152193   0.088948   0.024524   -0.040075   -0.103727   -0.165012   -0.220150   -0.262014   -0.285935   -0.295833   
0.659148   0.655033   0.626677   0.582337   0.528250   0.468744   0.406427   0.341946   0.275243   0.206226   0.134913   0.061761   -0.012225   -0.085826   -0.157682   -0.225462   -0.283016   -0.322019   -0.341244   -0.347553   
0.745028   0.725659   0.684189   0.628844   0.565053   0.496539   0.425225   0.351325   0.274773   0.195504   0.113752   0.030304   -0.053564   -0.136406   -0.216504   -0.289952   -0.348242   -0.383443   -0.398272   -0.401963   
0.822277   0.790026   0.737890   0.673091   0.600349   0.522992   0.442372   0.358603   0.271652   0.181598   0.088947   -0.005179   -0.099255   -0.191581   -0.279809   -0.357954   -0.415541   -0.446638   -0.457620   -0.459596   
0.892064   0.847838   0.788176   0.715488   0.634446   0.548256   0.458002   0.363895   0.266017   0.164690   0.060701   -0.044491   -0.149112   -0.251154   -0.347254   -0.429069   -0.484934   -0.511976   -0.519825   -0.520839   
0.958071   0.900164   0.834663   0.756045   0.667444   0.572400   0.472197   0.367299   0.258011   0.144935   0.029176   -0.087484   -0.202995   -0.314944   -0.418554   -0.503066   -0.556595   -0.579813   -0.585282   -0.585931   
1.023251   0.952150   0.877383   0.794443   0.699288   0.595446   0.485025   0.368914   0.247761   0.122467   -0.005501   -0.134042   -0.260798   -0.382786   -0.493489   -0.579865   -0.630750   -0.650488   -0.654263   -0.654940   
1.088828   1.004973   0.919483   0.830228   0.729776   0.617396   0.496547   0.368836   0.235372   0.097393   -0.043233   -0.184077   -0.322431   -0.454544   -0.571895   -0.659482   -0.707607   -0.724291   -0.726944   -0.727855   
1.155332   1.058826   0.962106   0.864399   0.758554   0.638224   0.506810   0.367146   0.220928   0.069797   -0.083946   -0.237521   -0.387819   -0.530104   -0.653664   -0.741983   -0.787346   -0.801437   -0.803441   -0.804640   
1.223008   1.113807   1.005564   0.898491   0.785288   0.657858   0.515851   0.363910   0.204498   0.039746   -0.127579   -0.294318   -0.456894   -0.609376   -0.738746   -0.827450   -0.870130   -0.882080   -0.883816   -0.885249   
1.291957   1.169984   1.050014   0.932920   0.810611   0.676164   0.523695   0.359182   0.186137   0.007294   -0.174086   -0.354425   -0.529597   -0.692285   -0.827126   -0.915970   -0.956116   -0.966332   -0.968070   -0.969642   


# Torque coefficient

0.002805   0.004285   0.005764   0.007235   0.008689   0.010128   0.011590   0.013157   0.014930   0.016990   0.019327   0.021822   0.024272   0.026411   0.027929   0.028594   0.028344   0.027285   0.025609   0.023489   
0.005263   0.007239   0.009189   0.011151   0.013233   0.015573   0.018296   0.021412   0.024744   0.027996   0.030754   0.032531   0.033037   0.032333   0.030689   0.028412   0.025725   0.022731   0.019455   0.015900   
0.008273   0.010857   0.013604   0.016695   0.020286   0.024382   0.028710   0.032810   0.036003   0.037613   0.037506   0.036029   0.033618   0.030650   0.027337   0.023727   0.019816   0.015591   0.011052   0.006240   
0.011978   0.015701   0.019960   0.024887   0.030273   0.035558   0.039842   0.042142   0.042238   0.040638   0.037906   0.034520   0.030769   0.026706   0.022317   0.017583   0.012492   0.007079   0.001411   -0.004423   
0.016916   0.022360   0.028601   0.035208   0.041258   0.045416   0.046849   0.045947   0.043441   0.039939   0.035918   0.031560   0.026859   0.021791   0.016334   0.010488   0.004301   -0.002147   -0.008751   -0.015301   
0.023372   0.030873   0.038679   0.045494   0.049738   0.050820   0.049458   0.046462   0.042475   0.037985   0.033139   0.027915   0.022286   0.016227   0.009732   0.002855   -0.004317   -0.011675   -0.018999   -0.025645   
0.031293   0.040311   0.048115   0.052942   0.054267   0.052915   0.049773   0.045526   0.040710   0.035504   0.029888   0.023830   0.017293   0.010261   0.002783   -0.005054   -0.013144   -0.021294   -0.028876   -0.034908   
0.039797   0.048876   0.054841   0.057013   0.056144   0.053213   0.048962   0.043988   0.038570   0.032708   0.026359   0.019480   0.012038   0.004064   -0.004362   -0.013133   -0.022093   -0.030749   -0.038058   -0.043255   
0.047400   0.054988   0.058612   0.058750   0.056451   0.052529   0.047633   0.042176   0.036226   0.029739   0.022668   0.014962   0.006623   -0.002282   -0.011649   -0.021342   -0.031050   -0.039850   -0.046564   -0.051149   
0.052771   0.058394   0.060142   0.058980   0.055822   0.051349   0.046077   0.040227   0.033778   0.026680   0.018874   0.010333   0.001095   -0.008747   -0.019062   -0.029656   -0.039903   -0.048537   -0.054676   -0.058947   
0.055493   0.059499   0.060082   0.058234   0.054664   0.049928   0.044417   0.038215   0.031282   0.023563   0.015008   0.005620   -0.004530   -0.015323   -0.026599   -0.038025   -0.048602   -0.056903   -0.062645   -0.066909   
0.055632   0.058726   0.058881   0.056857   0.053202   0.048390   0.042708   0.036177   0.028759   0.020403   0.011084   0.000834   -0.010247   -0.022013   -0.034258   -0.046415   -0.057141   -0.065113   -0.070669   -0.075205   
0.053258   0.056382   0.056801   0.055036   0.051546   0.046786   0.040973   0.034125   0.026216   0.017210   0.007109   -0.004023   -0.016060   -0.028825   -0.042029   -0.054815   -0.065571   -0.073311   -0.078904   -0.083940   
0.048799   0.052466   0.053937   0.052849   0.049745   0.045131   0.039222   0.032066   0.023656   0.013986   0.003084   -0.008954   -0.021975   -0.035767   -0.049910   -0.063225   -0.073968   -0.081615   -0.087459   -0.093178   
0.043732   0.047427   0.050233   0.050295   0.047806   0.043427   0.037456   0.029999   0.021082   0.010733   -0.000991   -0.013964   -0.028002   -0.042846   -0.057896   -0.071665   -0.082415   -0.090118   -0.096405   -0.102952   
0.038876   0.042631   0.045844   0.047323   0.045718   0.041672   0.035676   0.027924   0.018494   0.007448   -0.005124   -0.019063   -0.034151   -0.050066   -0.065994   -0.080169   -0.090983   -0.098891   -0.105787   -0.113267   
0.034139   0.038115   0.041559   0.043891   0.043447   0.039858   0.033880   0.025841   0.015890   0.004127   -0.009319   -0.024256   -0.040431   -0.057433   -0.074210   -0.088771   -0.099730   -0.107988   -0.115628   -0.124118   
0.029465   0.033779   0.037503   0.040295   0.040939   0.037977   0.032064   0.023749   0.013266   0.000766   -0.013583   -0.029553   -0.046849   -0.064952   -0.082555   -0.097510   -0.108701   -0.117444   -0.125942   -0.135498   
0.024820   0.029564   0.033638   0.036833   0.038162   0.036015   0.030226   0.021644   0.010620   -0.002640   -0.017922   -0.034961   -0.053412   -0.072628   -0.091044   -0.106417   -0.117932   -0.127282   -0.136736   -0.147400   
0.020183   0.025430   0.029924   0.033525   0.035280   0.033951   0.028361   0.019525   0.007947   -0.006096   -0.022343   -0.040485   -0.060125   -0.080468   -0.099693   -0.115519   -0.127452   -0.137519   -0.148007   -0.159820   

