  10 Wind speed [m/s]          Pitch [deg]   Pitch curve for IEA-22MW-280
3.000000000000000000e+00 7.506632226655084172e-02 
4.000000000000000000e+00 8.548326231815936427e-02 
5.000000000000000000e+00 5.368683381038606706e-02 
6.000000000000000000e+00 -5.200146138537060925e-02
7.000000000000000000e+00 -2.438705433814984946e-01
8.000000000000000000e+00 -5.586521789955579687e-01
9.000000000000000000e+00 -9.549247399288652849e-01
1.000000000000000000e+01 1.930263777049297524e-01 
1.100000000000000000e+01 2.396506969624697003e+00      
50.0             0.000000
