# ----- Rotor performance tables for the WEIS Turbine wind turbine ----- 
# ------------ Written on Jun-22-23 using the ROSCO toolbox ------------ 

# Pitch angle vector, 20 entries - x axis (matrix columns) (deg)
-5.0   -3.158   -1.316   0.5263   2.368   4.211   6.053   7.895   9.737   11.58   13.42   15.26   17.11   18.95   20.79   22.63   24.47   26.32   28.16   30.0   
# TSR vector, 20 entries - y axis (matrix rows) (-)
2.0    2.526    3.053    3.579    4.105    4.632    5.158    5.684    6.211    6.737    7.263    7.789    8.316    8.842    9.368    9.895    10.42    10.95    11.47    12.0    
# Wind speed vector - z axis (m/s)
11.18    

# Power coefficient

0.003237   0.005823   0.008376   0.010938   0.013599   0.016397   0.019361   0.022614   0.026305   0.030497   0.035238   0.040579   0.046243   0.051419   0.055236   0.057267   0.057514   0.056142   0.053389   0.049525   
0.008248   0.012853   0.017696   0.022786   0.028285   0.034433   0.041326   0.049003   0.057746   0.067308   0.075973   0.081868   0.084369   0.083815   0.080757   0.075761   0.069319   0.061860   0.053610   0.044712   
0.017824   0.025982   0.034717   0.044389   0.055120   0.066996   0.080686   0.095693   0.108357   0.115609   0.117214   0.114370   0.108317   0.099957   0.090031   0.078967   0.067000   0.054232   0.040704   0.026357   
0.033901   0.047468   0.062501   0.079029   0.097753   0.119455   0.139665   0.152017   0.155284   0.151679   0.143583   0.132446   0.119272   0.104665   0.088867   0.072014   0.054199   0.035371   0.015403   -0.005790   
0.058053   0.079583   0.103283   0.130503   0.161071   0.185473   0.196609   0.195907   0.187772   0.175091   0.159375   0.141622   0.122231   0.101394   0.079257   0.055910   0.031226   0.005038   -0.022750   -0.051890   
0.092150   0.124263   0.160953   0.201220   0.230994   0.242226   0.238899   0.227310   0.210804   0.190978   0.168784   0.144572   0.118530   0.090845   0.061621   0.030700   -0.002122   -0.037016   -0.073838   -0.108746   
0.137874   0.184604   0.235662   0.273913   0.288305   0.284523   0.270860   0.251493   0.228161   0.201912   0.173088   0.141921   0.108623   0.073356   0.036009   -0.003702   -0.046026   -0.091058   -0.135637   -0.171280   
0.197176   0.259592   0.310313   0.332527   0.331492   0.317679   0.296817   0.271019   0.241489   0.208647   0.172757   0.134068   0.092816   0.049031   0.002371   -0.047489   -0.100806   -0.156233   -0.204318   -0.237857   
0.268152   0.334199   0.370083   0.376528   0.365519   0.345187   0.318599   0.287142   0.251377   0.211608   0.168144   0.121284   0.071254   0.017811   -0.039464   -0.100944   -0.166660   -0.230058   -0.278150   -0.309068   
0.337935   0.393068   0.413639   0.410030   0.393308   0.368517   0.337290   0.300386   0.258197   0.211101   0.159485   0.103719   0.043900   -0.020424   -0.089745   -0.164466   -0.242651   -0.310647   -0.357122   -0.386639   
0.389949   0.432647   0.443433   0.435400   0.416264   0.388617   0.353366   0.311060   0.262203   0.207320   0.146902   0.081403   0.010669   -0.065887   -0.148804   -0.238301   -0.327448   -0.397317   -0.442312   -0.472588   
0.415411   0.451421   0.460852   0.453869   0.435107   0.405883   0.367041   0.319344   0.263558   0.200377   0.130467   0.054285   -0.028595   -0.118830   -0.217005   -0.322143   -0.420136   -0.490426   -0.535170   -0.568933   
0.412178   0.446188   0.465600   0.465703   0.449974   0.420373   0.378405   0.325366   0.262359   0.190340   0.110198   0.022267   -0.074077   -0.179553   -0.294698   -0.415515   -0.520269   -0.590913   -0.637233   -0.677188   
0.392542   0.426450   0.455723   0.469948   0.460531   0.431998   0.387503   0.329193   0.258671   0.177250   0.086063   -0.014774   -0.126006   -0.248389   -0.382076   -0.518069   -0.627962   -0.699879   -0.750052   -0.798458   
0.367239   0.404356   0.437543   0.464577   0.466096   0.440587   0.394328   0.330868   0.252536   0.161137   0.057987   -0.057007   -0.184648   -0.325689   -0.479222   -0.629632   -0.743852   -0.818474   -0.874980   -0.933610   
0.336967   0.379604   0.417767   0.451078   0.465464   0.445865   0.398843   0.330422   0.243998   0.141986   0.025858   -0.104629   -0.250282   -0.411785   -0.586186   -0.750168   -0.868751   -0.947827   -1.013043   -1.083393   
0.301663   0.351625   0.396019   0.434336   0.457642   0.447439   0.401001   0.327885   0.233069   0.119744   -0.010460   -0.157852   -0.323199   -0.506964   -0.703043   -0.879838   -1.003525   -1.089035   -1.165077   -1.248516   
0.261235   0.320043   0.371761   0.415359   0.444770   0.444726   0.400731   0.323255   0.219728   0.094328   -0.051119   -0.216896   -0.403703   -0.611490   -0.829918   -1.019040   -1.149044   -1.243102   -1.331805   -1.429684   
0.215565   0.284508   0.344614   0.394213   0.429198   0.437033   0.397912   0.316508   0.203935   0.065641   -0.096280   -0.281991   -0.492099   -0.725626   -0.967000   -1.168316   -1.306167   -1.410879   -1.513895   -1.627606   
0.164665   0.244765   0.314305   0.370854   0.411557   0.424980   0.392372   0.307603   0.185638   0.033573   -0.146108   -0.353369   -0.588677   -0.849642   -1.114508   -1.328296   -1.475701   -1.593091   -1.712000   -1.842998   


#  Thrust coefficient

0.058736   0.057694   0.056660   0.055723   0.054986   0.054465   0.054197   0.054344   0.055103   0.056530   0.058609   0.061375   0.064614   0.067587   0.069467   0.069833   0.068656   0.066027   0.062140   0.057258   
0.072781   0.072157   0.071939   0.072128   0.072941   0.074713   0.077524   0.081228   0.086050   0.091917   0.097306   0.100445   0.100704   0.098267   0.093516   0.086973   0.079139   0.070438   0.061085   0.051202   
0.092950   0.093921   0.095870   0.099277   0.104148   0.110189   0.118045   0.127663   0.135756   0.139410   0.138201   0.132902   0.124524   0.114008   0.102160   0.089408   0.075964   0.061903   0.047257   0.032014   
0.121466   0.125946   0.132549   0.140769   0.150984   0.164606   0.177996   0.185127   0.184481   0.177469   0.166009   0.151660   0.135613   0.118508   0.100555   0.081853   0.062457   0.042357   0.021555   0.000126   
0.161112   0.171073   0.183049   0.198387   0.218288   0.234334   0.239392   0.233824   0.220928   0.203414   0.183205   0.161527   0.138768   0.115081   0.090544   0.065206   0.039046   0.012111   -0.015456   -0.043176   
0.213406   0.229513   0.250212   0.276648   0.296043   0.299610   0.289678   0.271285   0.247870   0.221706   0.194026   0.165165   0.135240   0.104349   0.072529   0.039782   0.006210   -0.028040   -0.062515   -0.093431   
0.278712   0.304508   0.337663   0.362599   0.366764   0.353802   0.330570   0.301428   0.269091   0.235081   0.199717   0.163144   0.125447   0.086672   0.046874   0.006165   -0.035299   -0.077202   -0.116298   -0.144936   
0.360013   0.399292   0.432586   0.440846   0.427081   0.400078   0.365569   0.326998   0.286405   0.244259   0.200713   0.155847   0.109723   0.062440   0.014120   -0.035057   -0.084829   -0.133483   -0.172382   -0.195590   
0.460260   0.503385   0.520299   0.509233   0.480291   0.441249   0.396706   0.349455   0.300378   0.249648   0.197361   0.143584   0.088432   0.032079   -0.025270   -0.083363   -0.141622   -0.193758   -0.228623   -0.245525   
0.571965   0.601657   0.598435   0.570596   0.528638   0.478980   0.425318   0.369343   0.311382   0.251552   0.189940   0.126639   0.061904   -0.004025   -0.070892   -0.138356   -0.203994   -0.255726   -0.284606   -0.295894   
0.679867   0.690527   0.668690   0.626738   0.573667   0.514520   0.451996   0.386984   0.319678   0.250205   0.178659   0.105291   0.030459   -0.045562   -0.122434   -0.199517   -0.270106   -0.318347   -0.340935   -0.348029   
0.777558   0.769295   0.732347   0.679052   0.616506   0.548506   0.477015   0.402590   0.325461   0.245779   0.163735   0.079796   -0.005656   -0.092274   -0.179631   -0.265914   -0.338658   -0.381590   -0.398485   -0.403168   
0.865035   0.836991   0.790065   0.728472   0.657721   0.581184   0.500529   0.416321   0.328872   0.238427   0.145388   0.050368   -0.046223   -0.143957   -0.242219   -0.336572   -0.408865   -0.445924   -0.458143   -0.462009   
0.944139   0.897898   0.841596   0.775088   0.697428   0.612637   0.522652   0.428284   0.330038   0.228317   0.123810   0.017189   -0.091078   -0.200451   -0.309830   -0.410728   -0.480490   -0.511917   -0.520749   -0.524856   
1.018929   0.957848   0.889851   0.818214   0.735480   0.642874   0.543443   0.438579   0.329077   0.215625   0.099158   -0.019607   -0.140101   -0.261625   -0.382048   -0.487833   -0.553743   -0.580135   -0.586921   -0.591789   
1.092768   1.018259   0.938652   0.858458   0.771419   0.671818   0.562948   0.447301   0.326130   0.200493   0.071543   -0.059923   -0.193190   -0.327340   -0.458478   -0.567503   -0.628961   -0.651090   -0.656966   -0.662788   
1.167029   1.079682   0.988509   0.898213   0.804764   0.699333   0.581217   0.454556   0.321312   0.183019   0.041048   -0.103678   -0.250262   -0.397436   -0.538781   -0.649542   -0.706498   -0.725234   -0.731014   -0.737798   
1.242401   1.142420   1.039488   0.938285   0.836410   0.725195   0.598293   0.460417   0.314709   0.163278   0.007740   -0.150805   -0.311251   -0.471754   -0.622694   -0.733957   -0.786685   -0.802915   -0.809094   -0.816765   
1.319167   1.206564   1.091599   0.978965   0.867552   0.749097   0.614172   0.464940   0.306386   0.141328   -0.028326   -0.201248   -0.376098   -0.550150   -0.710024   -0.820868   -0.869822   -0.884343   -0.891188   -0.899640   
1.397134   1.272104   1.144859   1.020439   0.898678   0.771318   0.628807   0.468168   0.296397   0.117219   -0.067103   -0.254960   -0.444738   -0.632500   -0.800621   -0.910450   -0.956150   -0.969611   -0.977261   -0.986380   


# Torque coefficient

0.001628   0.002929   0.004213   0.005501   0.006840   0.008247   0.009738   0.011374   0.013230   0.015339   0.017723   0.020409   0.023258   0.025862   0.027781   0.028803   0.028927   0.028237   0.026852   0.024909   
0.003284   0.005118   0.007046   0.009073   0.011262   0.013710   0.016455   0.019512   0.022993   0.026800   0.030250   0.032597   0.033593   0.033373   0.032155   0.030166   0.027601   0.024631   0.021346   0.017803   
0.005873   0.008562   0.011440   0.014627   0.018163   0.022077   0.026588   0.031533   0.035706   0.038096   0.038625   0.037687   0.035693   0.032938   0.029667   0.026022   0.022078   0.017871   0.013413   0.008685   
0.009528   0.013341   0.017567   0.022212   0.027475   0.033574   0.039255   0.042726   0.043644   0.042631   0.040356   0.037226   0.033523   0.029417   0.024977   0.020240   0.015233   0.009942   0.004329   -0.001627   
0.014225   0.019500   0.025307   0.031977   0.039467   0.045446   0.048175   0.048003   0.046010   0.042902   0.039051   0.034702   0.029950   0.024844   0.019420   0.013700   0.007651   0.001234   -0.005574   -0.012715   
0.020014   0.026988   0.034957   0.043702   0.050169   0.052608   0.051885   0.049368   0.045783   0.041477   0.036657   0.031399   0.025743   0.019730   0.013383   0.006668   -0.000461   -0.008039   -0.016037   -0.023618   
0.026889   0.036002   0.045960   0.053419   0.056226   0.055489   0.052824   0.049047   0.044497   0.039378   0.033756   0.027678   0.021184   0.014306   0.007023   -0.000722   -0.008976   -0.017758   -0.026452   -0.033404   
0.034893   0.045939   0.054915   0.058846   0.058663   0.056218   0.052526   0.047961   0.042735   0.036923   0.030572   0.023725   0.016425   0.008677   0.000420   -0.008404   -0.017839   -0.027648   -0.036157   -0.042092   
0.043432   0.054130   0.059942   0.060986   0.059203   0.055909   0.051603   0.046508   0.040715   0.034274   0.027234   0.019644   0.011541   0.002885   -0.006392   -0.016350   -0.026994   -0.037262   -0.045052   -0.050059   
0.050459   0.058691   0.061762   0.061224   0.058727   0.055025   0.050362   0.044852   0.038553   0.031520   0.023813   0.015487   0.006555   -0.003050   -0.013400   -0.024557   -0.036231   -0.046384   -0.053324   -0.057731   
0.054006   0.059919   0.061413   0.060301   0.057650   0.053821   0.048939   0.043080   0.036314   0.028713   0.020345   0.011274   0.001478   -0.009125   -0.020609   -0.033003   -0.045350   -0.055026   -0.061258   -0.065451   
0.053645   0.058295   0.059513   0.058611   0.056188   0.052415   0.047399   0.041239   0.034035   0.025876   0.016848   0.007010   -0.003693   -0.015345   -0.028023   -0.041601   -0.054255   -0.063332   -0.069110   -0.073470   
0.049859   0.053973   0.056321   0.056333   0.054431   0.050850   0.045773   0.039357   0.031736   0.023024   0.013330   0.002693   -0.008961   -0.021719   -0.035648   -0.050262   -0.062934   -0.071479   -0.077082   -0.081915   
0.044657   0.048515   0.051845   0.053463   0.052392   0.049146   0.044084   0.037450   0.029427   0.020165   0.009791   -0.001681   -0.014335   -0.028258   -0.043466   -0.058937   -0.071439   -0.079621   -0.085329   -0.090835   
0.039431   0.043417   0.046980   0.049883   0.050046   0.047307   0.042340   0.035526   0.027115   0.017302   0.006226   -0.006121   -0.019826   -0.034970   -0.051455   -0.067605   -0.079869   -0.087881   -0.093949   -0.100244   
0.034256   0.038591   0.042471   0.045857   0.047320   0.045327   0.040547   0.033591   0.024805   0.014434   0.002629   -0.010637   -0.025444   -0.041863   -0.059592   -0.076263   -0.088318   -0.096357   -0.102987   -0.110139   
0.029119   0.033941   0.038226   0.041925   0.044175   0.043190   0.038707   0.031650   0.022497   0.011558   -0.001010   -0.015237   -0.031197   -0.048936   -0.067862   -0.084928   -0.096867   -0.105121   -0.112461   -0.120515   
0.024004   0.029407   0.034160   0.038166   0.040868   0.040864   0.036822   0.029703   0.020190   0.008667   -0.004697   -0.019930   -0.037095   -0.056187   -0.076258   -0.093635   -0.105581   -0.114224   -0.122374   -0.131368   
0.018899   0.024943   0.030213   0.034561   0.037628   0.038315   0.034885   0.027749   0.017879   0.005755   -0.008441   -0.024722   -0.043143   -0.063616   -0.084778   -0.102427   -0.114513   -0.123693   -0.132725   -0.142694   
0.013803   0.020518   0.026347   0.031087   0.034499   0.035624   0.032891   0.025785   0.015561   0.002814   -0.012248   -0.029621   -0.049346   -0.071222   -0.093424   -0.111345   -0.123702   -0.133542   -0.143510   -0.154491   

