------- BEAMDYN V1.00.* INDIVIDUAL BLADE INPUT FILE --------------------------
Generated with AeroElasticSE FAST driver
---------------------- BLADE PARAMETERS --------------------------------------
51                     station_total - Number of blade input stations (-)
1                      damp_type   - Damping type: 0: no damping; 1: damped
---------------------- DAMPING COEFFICIENT------------------------------------
    mu1         mu2         mu3         mu4         mu5         mu6    
    (-)         (-)         (-)         (-)         (-)         (-)    
 0.004048    0.003153    0.000140    0.003153    0.004048    0.000140  
---------------------- DISTRIBUTED PROPERTIES---------------------------------
 0.000000000000000e+00
 7.678774503590069e+09 -1.097758811715333e+02  0.000000000000000e+00  0.000000000000000e+00  0.000000000000000e+00 -1.536940325968801e+04
-1.097758811715333e+02  7.679418357639956e+09  0.000000000000000e+00  0.000000000000000e+00  0.000000000000000e+00  5.165256729241776e+01
 0.000000000000000e+00  0.000000000000000e+00  5.249256699888297e+10  5.006337197628499e+05  2.148067464398716e+03  0.000000000000000e+00
 0.000000000000000e+00  0.000000000000000e+00  5.006337197628499e+05  2.128588130731547e+11  6.104979111130726e+03  0.000000000000000e+00
 0.000000000000000e+00  0.000000000000000e+00  2.148067464398716e+03  6.104979111130726e+03  2.128571696406389e+11  0.000000000000000e+00
-1.536940325968801e+04  5.165256729241776e+01  0.000000000000000e+00  0.000000000000000e+00  0.000000000000000e+00  1.244740993296971e+11

 3.618706445227680e+03  8.635081066234854e-30  0.000000000000000e+00  0.000000000000000e+00  0.000000000000000e+00 -3.141290968935539e-02
 8.635081066234854e-30  3.618706445227680e+03  0.000000000000000e+00  0.000000000000000e+00  0.000000000000000e+00 -1.041455552468504e-04
 0.000000000000000e+00  0.000000000000000e+00  3.618706445227680e+03  3.141290968935539e-02  1.041455552468504e-04  0.000000000000000e+00
 0.000000000000000e+00  0.000000000000000e+00  3.141290968935539e-02  1.467506292041072e+04  4.020277461318560e-04  0.000000000000000e+00
 0.000000000000000e+00  0.000000000000000e+00  1.041455552468504e-04  4.020277461318560e-04  1.467496524330899e+04  0.000000000000000e+00
-3.141290968935539e-02 -1.041455552468504e-04  0.000000000000000e+00  0.000000000000000e+00  0.000000000000000e+00  2.935002816371971e+04

 2.000000000000000e-02
 7.686982765049670e+09  1.412447315337984e+04  0.000000000000000e+00  0.000000000000000e+00  0.000000000000000e+00 -6.765126464128396e+06
 1.412447315337984e+04  7.678911132308623e+09  0.000000000000000e+00  0.000000000000000e+00  0.000000000000000e+00  5.095397219447818e+04
 0.000000000000000e+00  0.000000000000000e+00  5.255641217634934e+10  7.709863057986325e+07 -3.333656788652820e+05  0.000000000000000e+00
 0.000000000000000e+00  0.000000000000000e+00  7.709863057986325e+07  2.133619519351121e+11 -8.035303847004485e+05  0.000000000000000e+00
 0.000000000000000e+00  0.000000000000000e+00 -3.333656788652820e+05 -8.035303847004485e+05  2.128533006054147e+11  0.000000000000000e+00
-6.765126464128396e+06  5.095397219447818e+04  0.000000000000000e+00  0.000000000000000e+00  0.000000000000000e+00  1.245315009769416e+11

 3.621869616773103e+03  9.440811531058488e-30  0.000000000000000e+00  0.000000000000000e+00  0.000000000000000e+00 -3.495744616056331e+00
 9.440811531058488e-30  3.621869616773103e+03  0.000000000000000e+00  0.000000000000000e+00  0.000000000000000e+00  2.154825141154399e-02
 0.000000000000000e+00  0.000000000000000e+00  3.621869616773103e+03  3.495744616056331e+00 -2.154825141154399e-02  0.000000000000000e+00
 0.000000000000000e+00  0.000000000000000e+00  3.495744616056331e+00  1.469973328727454e+04 -5.134865455121106e-02  0.000000000000000e+00
 0.000000000000000e+00  0.000000000000000e+00 -2.154825141154399e-02 -5.134865455121106e-02  1.467469596672292e+04  0.000000000000000e+00
-3.495744616056331e+00  2.154825141154399e-02  0.000000000000000e+00  0.000000000000000e+00  0.000000000000000e+00  2.937442925399746e+04

 4.000000000000000e-02
 4.038254336711636e+09  5.717900868976925e+07  0.000000000000000e+00  0.000000000000000e+00  0.000000000000000e+00  4.940758510158846e+07
 5.717900868976925e+07  4.443488248269574e+09  0.000000000000000e+00  0.000000000000000e+00  0.000000000000000e+00  1.548016873797899e+08
 0.000000000000000e+00  0.000000000000000e+00  2.981599852340935e+10  2.540924267252798e+09 -7.560689150077282e+08  0.000000000000000e+00
 0.000000000000000e+00  0.000000000000000e+00  2.540924267252798e+09  1.326232328767627e+11 -1.685246945077554e+09  0.000000000000000e+00
 0.000000000000000e+00  0.000000000000000e+00 -7.560689150077282e+08 -1.685246945077554e+09  1.129986769182346e+11  0.000000000000000e+00
 4.940758510158846e+07  1.548016873797899e+08  0.000000000000000e+00  0.000000000000000e+00  0.000000000000000e+00  6.875614551405330e+10

 2.041605826829581e+03  1.657470555129437e-30  0.000000000000000e+00  0.000000000000000e+00  0.000000000000000e+00 -1.233594807606093e+02
 1.657470555129437e-30  2.041605826829581e+03  0.000000000000000e+00  0.000000000000000e+00  0.000000000000000e+00  5.202317765729494e+01
 0.000000000000000e+00  0.000000000000000e+00  2.041605826829581e+03  1.233594807606093e+02 -5.202317765729494e+01  0.000000000000000e+00
 0.000000000000000e+00  0.000000000000000e+00  1.233594807606093e+02  8.989149695712924e+03 -1.156910989739105e+02  0.000000000000000e+00
 0.000000000000000e+00  0.000000000000000e+00 -5.202317765729494e+01 -1.156910989739105e+02  7.803362843799681e+03  0.000000000000000e+00
-1.233594807606093e+02  5.202317765729494e+01  0.000000000000000e+00  0.000000000000000e+00  0.000000000000000e+00  1.679251253951261e+04

 6.000000000000000e-02
 2.343836974562341e+09  1.202969999706188e+08  0.000000000000000e+00  0.000000000000000e+00  0.000000000000000e+00  8.822571229801285e+07
 1.202969999706188e+08  2.531734672131780e+09  0.000000000000000e+00  0.000000000000000e+00  0.000000000000000e+00  4.863247597641726e+08
 0.000000000000000e+00  0.000000000000000e+00  3.129561954964925e+10  5.517443470483494e+09 -3.988178967221936e+09  0.000000000000000e+00
 0.000000000000000e+00  0.000000000000000e+00  5.517443470483494e+09  1.064943565181463e+11 -1.250437316061991e+10  0.000000000000000e+00
 0.000000000000000e+00  0.000000000000000e+00 -3.988178967221936e+09 -1.250437316061991e+10  1.409092268705937e+11  0.000000000000000e+00
 8.822571229801285e+07  4.863247597641726e+08  0.000000000000000e+00  0.000000000000000e+00  0.000000000000000e+00  3.357335302252642e+10

 1.494824059624389e+03  3.571878356478054e-30  0.000000000000000e+00  0.000000000000000e+00  0.000000000000000e+00 -5.012129070689207e+02
 3.571878356478054e-30  1.494824059624389e+03  0.000000000000000e+00  0.000000000000000e+00  0.000000000000000e+00  9.998357623472742e+01
 0.000000000000000e+00  0.000000000000000e+00  1.494824059624389e+03  5.012129070689207e+02 -9.998357623472742e+01  0.000000000000000e+00
 0.000000000000000e+00  0.000000000000000e+00  5.012129070689207e+02  6.769811834910956e+03 -2.791545621281390e+02  0.000000000000000e+00
 0.000000000000000e+00  0.000000000000000e+00 -9.998357623472742e+01 -2.791545621281390e+02  4.890073264112490e+03  0.000000000000000e+00
-5.012129070689207e+02  9.998357623472742e+01  0.000000000000000e+00  0.000000000000000e+00  0.000000000000000e+00  1.165988509902345e+04

 8.000000000000000e-02
 1.505020637104985e+09  1.040991000305639e+08  0.000000000000000e+00  0.000000000000000e+00  0.000000000000000e+00  2.312317934842888e+06
 1.040991000305639e+08  1.638647332350396e+09  0.000000000000000e+00  0.000000000000000e+00  0.000000000000000e+00  4.203120968425665e+08
 0.000000000000000e+00  0.000000000000000e+00  3.068804269919526e+10  1.076767024369434e+10 -3.203833434862360e+09  0.000000000000000e+00
 0.000000000000000e+00  0.000000000000000e+00  1.076767024369434e+10  1.099392442225144e+11 -1.245371610324908e+10  0.000000000000000e+00
 0.000000000000000e+00  0.000000000000000e+00 -3.203833434862360e+09 -1.245371610324908e+10  1.165914579018866e+11  0.000000000000000e+00
 2.312317934842888e+06  4.203120968425665e+08  0.000000000000000e+00  0.000000000000000e+00  0.000000000000000e+00  1.911330325229526e+10

 1.273263722487897e+03  2.165379581974850e-30  0.000000000000000e+00  0.000000000000000e+00  0.000000000000000e+00 -7.814316741864091e+02
 2.165379581974850e-30  1.273263722487897e+03  0.000000000000000e+00  0.000000000000000e+00  0.000000000000000e+00  8.763855426522393e+01
 0.000000000000000e+00  0.000000000000000e+00  1.273263722487897e+03  7.814316741864091e+02 -8.763855426522393e+01  0.000000000000000e+00
 0.000000000000000e+00  0.000000000000000e+00  7.814316741864091e+02  6.540554427204513e+03 -2.554451792578772e+02  0.000000000000000e+00
 0.000000000000000e+00  0.000000000000000e+00 -8.763855426522393e+01 -2.554451792578772e+02  3.324958170971145e+03  0.000000000000000e+00
-7.814316741864091e+02  8.763855426522393e+01  0.000000000000000e+00  0.000000000000000e+00  0.000000000000000e+00  9.865512598175657e+03

 1.000000000000000e-01
 1.011213353498572e+09  8.929360724164803e+07  0.000000000000000e+00  0.000000000000000e+00  0.000000000000000e+00  1.458176136633640e+07
 8.929360724164803e+07  1.078282516896372e+09  0.000000000000000e+00  0.000000000000000e+00  0.000000000000000e+00  1.925449947558500e+08
 0.000000000000000e+00  0.000000000000000e+00  2.896300163557966e+10  8.348348524135750e+09 -2.698183073101082e+09  0.000000000000000e+00
 0.000000000000000e+00  0.000000000000000e+00  8.348348524135750e+09  9.579296190038802e+10 -1.036759953103846e+10  0.000000000000000e+00
 0.000000000000000e+00  0.000000000000000e+00 -2.698183073101082e+09 -1.036759953103846e+10  9.167917249147404e+10  0.000000000000000e+00
 1.458176136633640e+07  1.925449947558500e+08  0.000000000000000e+00  0.000000000000000e+00  0.000000000000000e+00  1.100862736818599e+10

 1.042273928621223e+03  1.383235220281431e-30  0.000000000000000e+00  0.000000000000000e+00  0.000000000000000e+00 -7.273077183488735e+02
 1.383235220281431e-30  1.042273928621223e+03  0.000000000000000e+00  0.000000000000000e+00  0.000000000000000e+00  6.248335693244154e+01
 0.000000000000000e+00  0.000000000000000e+00  1.042273928621223e+03  7.273077183488735e+02 -6.248335693244154e+01  0.000000000000000e+00
 0.000000000000000e+00  0.000000000000000e+00  7.273077183488735e+02  5.439746542365379e+03 -1.975947391853628e+02  0.000000000000000e+00
 0.000000000000000e+00  0.000000000000000e+00 -6.248335693244154e+01 -1.975947391853628e+02  2.209245368305071e+03  0.000000000000000e+00
-7.273077183488735e+02  6.248335693244154e+01  0.000000000000000e+00  0.000000000000000e+00  0.000000000000000e+00  7.648991910670451e+03

 1.200000000000000e-01
 7.100258472413342e+08  7.322671544374681e+07  0.000000000000000e+00  0.000000000000000e+00  0.000000000000000e+00  6.811598686003384e+07
 7.322671544374681e+07  7.092652863979073e+08  0.000000000000000e+00  0.000000000000000e+00  0.000000000000000e+00  9.026932316673735e+07
 0.000000000000000e+00  0.000000000000000e+00  2.795020509987785e+10  5.769079031772432e+09 -2.157740908683612e+09  0.000000000000000e+00
 0.000000000000000e+00  0.000000000000000e+00  5.769079031772432e+09  8.551290897458818e+10 -8.209822062063479e+09  0.000000000000000e+00
 0.000000000000000e+00  0.000000000000000e+00 -2.157740908683612e+09 -8.209822062063479e+09  7.080958705230280e+10  0.000000000000000e+00
 6.811598686003384e+07  9.026932316673735e+07  0.000000000000000e+00  0.000000000000000e+00  0.000000000000000e+00  6.174691379243923e+09

 8.883004131572552e+02  2.842646108725446e-30  0.000000000000000e+00  0.000000000000000e+00  0.000000000000000e+00 -6.524253281654738e+02
 2.842646108725446e-30  8.883004131572552e+02  0.000000000000000e+00  0.000000000000000e+00  0.000000000000000e+00  4.310228713458398e+01
 0.000000000000000e+00  0.000000000000000e+00  8.883004131572552e+02  6.524253281654738e+02 -4.310228713458398e+01  0.000000000000000e+00
 0.000000000000000e+00  0.000000000000000e+00  6.524253281654738e+02  4.666711803892860e+03 -1.486220404970147e+02  0.000000000000000e+00
 0.000000000000000e+00  0.000000000000000e+00 -4.310228713458398e+01 -1.486220404970147e+02  1.506879314976014e+03  0.000000000000000e+00
-6.524253281654738e+02  4.310228713458398e+01  0.000000000000000e+00  0.000000000000000e+00  0.000000000000000e+00  6.173591118868875e+03

 1.400000000000000e-01
 5.992530907540815e+08  6.250341855302582e+07  0.000000000000000e+00  0.000000000000000e+00  0.000000000000000e+00  1.132286844640181e+08
 6.250341855302582e+07  7.059318336123641e+08  0.000000000000000e+00  0.000000000000000e+00  0.000000000000000e+00  8.458733355786362e+07
 0.000000000000000e+00  0.000000000000000e+00  2.806747862777963e+10  4.239366539348724e+09 -1.880203381551999e+09  0.000000000000000e+00
 0.000000000000000e+00  0.000000000000000e+00  4.239366539348724e+09  8.249127577920850e+10 -6.552458853322043e+09  0.000000000000000e+00
 0.000000000000000e+00  0.000000000000000e+00 -1.880203381551999e+09 -6.552458853322043e+09  5.638044968209064e+10  0.000000000000000e+00
 1.132286844640181e+08  8.458733355786362e+07  0.000000000000000e+00  0.000000000000000e+00  0.000000000000000e+00  4.756204410028314e+09

 8.487868260281707e+02 -1.007667746942746e-30  0.000000000000000e+00  0.000000000000000e+00  0.000000000000000e+00 -6.175668319238708e+02
-1.007667746942746e-30  8.487868260281707e+02  0.000000000000000e+00  0.000000000000000e+00  0.000000000000000e+00  4.155789409820994e+01
 0.000000000000000e+00  0.000000000000000e+00  8.487868260281707e+02  6.175668319238708e+02 -4.155789409820994e+01  0.000000000000000e+00
 0.000000000000000e+00  0.000000000000000e+00  6.175668319238708e+02  4.470281547389047e+03 -1.273083956573835e+02  0.000000000000000e+00
 0.000000000000000e+00  0.000000000000000e+00 -4.155789409820994e+01 -1.273083956573835e+02  1.146932079763761e+03  0.000000000000000e+00
-6.175668319238708e+02  4.155789409820994e+01  0.000000000000000e+00  0.000000000000000e+00  0.000000000000000e+00  5.617213627152807e+03

 1.600000000000000e-01
 5.161776570975702e+08  5.199461695747960e+07  0.000000000000000e+00  0.000000000000000e+00  0.000000000000000e+00  1.721781408722507e+08
 5.199461695747960e+07  7.152111317280042e+08  0.000000000000000e+00  0.000000000000000e+00  0.000000000000000e+00  1.094467131923868e+08
 0.000000000000000e+00  0.000000000000000e+00  2.781422505871898e+10  1.904037331073442e+09 -2.015781738307664e+09  0.000000000000000e+00
 0.000000000000000e+00  0.000000000000000e+00  1.904037331073442e+09  7.442670494662061e+10 -5.251415496622959e+09  0.000000000000000e+00
 0.000000000000000e+00  0.000000000000000e+00 -2.015781738307664e+09 -5.251415496622959e+09  4.568613726541267e+10  0.000000000000000e+00
 1.721781408722507e+08  1.094467131923868e+08  0.000000000000000e+00  0.000000000000000e+00  0.000000000000000e+00  3.549145858294309e+09

 8.035980265639751e+02  1.068177110478002e-30  0.000000000000000e+00  0.000000000000000e+00  0.000000000000000e+00 -5.307918115643365e+02
 1.068177110478002e-30  8.035980265639751e+02  0.000000000000000e+00  0.000000000000000e+00  0.000000000000000e+00  5.373679193711697e+01
 0.000000000000000e+00  0.000000000000000e+00  8.035980265639751e+02  5.307918115643365e+02 -5.373679193711697e+01  0.000000000000000e+00
 0.000000000000000e+00  0.000000000000000e+00  5.307918115643365e+02  4.053731370793233e+03 -1.212343220526999e+02  0.000000000000000e+00
 0.000000000000000e+00  0.000000000000000e+00 -5.373679193711697e+01 -1.212343220526999e+02  8.749283260951792e+02  0.000000000000000e+00
-5.307918115643365e+02  5.373679193711697e+01  0.000000000000000e+00  0.000000000000000e+00  0.000000000000000e+00  4.928659696888412e+03

 1.800000000000000e-01
 4.661668519704140e+08  4.468643091068637e+07  0.000000000000000e+00  0.000000000000000e+00  0.000000000000000e+00  1.908905063524144e+08
 4.468643091068637e+07  7.090015222209234e+08  0.000000000000000e+00  0.000000000000000e+00  0.000000000000000e+00  1.072941281689188e+08
 0.000000000000000e+00  0.000000000000000e+00  2.770857882849257e+10  1.425241435416721e+08 -1.774804823378419e+09  0.000000000000000e+00
 0.000000000000000e+00  0.000000000000000e+00  1.425241435416721e+08  6.739852493849262e+10 -4.334246038721929e+09  0.000000000000000e+00
 0.000000000000000e+00  0.000000000000000e+00 -1.774804823378419e+09 -4.334246038721929e+09  3.949858888849926e+10  0.000000000000000e+00
 1.908905063524144e+08  1.072941281689188e+08  0.000000000000000e+00  0.000000000000000e+00  0.000000000000000e+00  2.847377663284588e+09

 7.698747251447144e+02  1.493538538790139e-30  0.000000000000000e+00  0.000000000000000e+00  0.000000000000000e+00 -4.727222788304084e+02
 1.493538538790139e-30  7.698747251447144e+02  0.000000000000000e+00  0.000000000000000e+00  0.000000000000000e+00  5.143980302840718e+01
 0.000000000000000e+00  0.000000000000000e+00  7.698747251447144e+02  4.727222788304084e+02 -5.143980302840718e+01  0.000000000000000e+00
 0.000000000000000e+00  0.000000000000000e+00  4.727222788304084e+02  3.697234564156539e+03 -1.140314933812327e+02  0.000000000000000e+00
 0.000000000000000e+00  0.000000000000000e+00 -5.143980302840718e+01 -1.140314933812327e+02  7.240802537893833e+02  0.000000000000000e+00
-4.727222788304084e+02  5.143980302840718e+01  0.000000000000000e+00  0.000000000000000e+00  0.000000000000000e+00  4.421314817945922e+03

 2.000000000000000e-01
 4.344602255186071e+08  3.641640951608618e+07  0.000000000000000e+00  0.000000000000000e+00  0.000000000000000e+00  1.933218192677857e+08
 3.641640951608618e+07  6.990710620937766e+08  0.000000000000000e+00  0.000000000000000e+00  0.000000000000000e+00  9.934030130468622e+07
 0.000000000000000e+00  0.000000000000000e+00  2.758264853023565e+10 -9.497542833213222e+08 -1.573186472874888e+09  0.000000000000000e+00
 0.000000000000000e+00  0.000000000000000e+00 -9.497542833213222e+08  6.217108691985250e+10 -3.381135792632038e+09  0.000000000000000e+00
 0.000000000000000e+00  0.000000000000000e+00 -1.573186472874888e+09 -3.381135792632038e+09  3.542884624478522e+10  0.000000000000000e+00
 1.933218192677857e+08  9.934030130468622e+07  0.000000000000000e+00  0.000000000000000e+00  0.000000000000000e+00  2.418837239790689e+09

 7.441363830128398e+02 -2.590464282919725e-30  0.000000000000000e+00  0.000000000000000e+00  0.000000000000000e+00 -4.381945380397329e+02
-2.590464282919725e-30  7.441363830128398e+02  0.000000000000000e+00  0.000000000000000e+00  0.000000000000000e+00  4.814033416401163e+01
 0.000000000000000e+00  0.000000000000000e+00  7.441363830128398e+02  4.381945380397329e+02 -4.814033416401163e+01  0.000000000000000e+00
 0.000000000000000e+00  0.000000000000000e+00  4.381945380397329e+02  3.429034117266935e+03 -1.042609602864328e+02  0.000000000000000e+00
 0.000000000000000e+00  0.000000000000000e+00 -4.814033416401163e+01 -1.042609602864328e+02  6.305594337691688e+02  0.000000000000000e+00
-4.381945380397329e+02  4.814033416401163e+01  0.000000000000000e+00  0.000000000000000e+00  0.000000000000000e+00  4.059593551036104e+03

 2.200000000000000e-01
 4.121234455406883e+08  2.883534326193769e+07  0.000000000000000e+00  0.000000000000000e+00  0.000000000000000e+00  1.819926022388341e+08
 2.883534326193769e+07  6.926899521613648e+08  0.000000000000000e+00  0.000000000000000e+00  0.000000000000000e+00  8.620846776611982e+07
 0.000000000000000e+00  0.000000000000000e+00  2.738450084682296e+10 -1.201161638718458e+09 -1.273519446659486e+09  0.000000000000000e+00
 0.000000000000000e+00  0.000000000000000e+00 -1.201161638718458e+09  5.961985893450035e+10 -2.549875654991095e+09  0.000000000000000e+00
 0.000000000000000e+00  0.000000000000000e+00 -1.273519446659486e+09 -2.549875654991095e+09  3.211762210146012e+10  0.000000000000000e+00
 1.819926022388341e+08  8.620846776611982e+07  0.000000000000000e+00  0.000000000000000e+00  0.000000000000000e+00  2.180733153841137e+09

 7.254679561278271e+02  1.014580131935403e-30  0.000000000000000e+00  0.000000000000000e+00  0.000000000000000e+00 -4.360001592354720e+02
 1.014580131935403e-30  7.254679561278271e+02  0.000000000000000e+00  0.000000000000000e+00  0.000000000000000e+00  4.094580913287791e+01
 0.000000000000000e+00  0.000000000000000e+00  7.254679561278271e+02  4.360001592354720e+02 -4.094580913287791e+01  0.000000000000000e+00
 0.000000000000000e+00  0.000000000000000e+00  4.360001592354720e+02  3.285158481984095e+03 -9.246206205580089e+01  0.000000000000000e+00
 0.000000000000000e+00  0.000000000000000e+00 -4.094580913287791e+01 -9.246206205580089e+01  5.640517648869425e+02  0.000000000000000e+00
-4.360001592354720e+02  4.094580913287791e+01  0.000000000000000e+00  0.000000000000000e+00  0.000000000000000e+00  3.849210246871038e+03

 2.400000000000000e-01
 3.943483691636904e+08  2.374411693722463e+07  0.000000000000000e+00  0.000000000000000e+00  0.000000000000000e+00  1.735139024748277e+08
 2.374411693722463e+07  6.850368810680311e+08  0.000000000000000e+00  0.000000000000000e+00  0.000000000000000e+00  7.633486543999340e+07
 0.000000000000000e+00  0.000000000000000e+00  2.716071735412728e+10 -1.524861780629163e+09 -1.042881401548642e+09  0.000000000000000e+00
 0.000000000000000e+00  0.000000000000000e+00 -1.524861780629163e+09  5.668242355127246e+10 -2.017499616176140e+09  0.000000000000000e+00
 0.000000000000000e+00  0.000000000000000e+00 -1.042881401548642e+09 -2.017499616176140e+09  2.954296170364224e+10  0.000000000000000e+00
 1.735139024748277e+08  7.633486543999340e+07  0.000000000000000e+00  0.000000000000000e+00  0.000000000000000e+00  1.995422128100909e+09

 7.075521339774763e+02  2.334204562366608e-30  0.000000000000000e+00  0.000000000000000e+00  0.000000000000000e+00 -4.240933198005577e+02
 2.334204562366608e-30  7.075521339774763e+02  0.000000000000000e+00  0.000000000000000e+00  0.000000000000000e+00  3.552278532630393e+01
 0.000000000000000e+00  0.000000000000000e+00  7.075521339774763e+02  4.240933198005577e+02 -3.552278532630393e+01  0.000000000000000e+00
 0.000000000000000e+00  0.000000000000000e+00  4.240933198005577e+02  3.115428444729611e+03 -8.331078866974110e+01  0.000000000000000e+00
 0.000000000000000e+00  0.000000000000000e+00 -3.552278532630393e+01 -8.331078866974110e+01  5.129741965873139e+02  0.000000000000000e+00
-4.240933198005577e+02  3.552278532630393e+01  0.000000000000000e+00  0.000000000000000e+00  0.000000000000000e+00  3.628402641316925e+03

 2.600000000000000e-01
 3.790562825023570e+08  1.981676443836096e+07  0.000000000000000e+00  0.000000000000000e+00  0.000000000000000e+00  1.665722354844396e+08
 1.981676443836096e+07  6.760047188432001e+08  0.000000000000000e+00  0.000000000000000e+00  0.000000000000000e+00  6.882269593347043e+07
 0.000000000000000e+00  0.000000000000000e+00  2.687595931478885e+10 -1.888995650422412e+09 -8.884783217806598e+08  0.000000000000000e+00
 0.000000000000000e+00  0.000000000000000e+00 -1.888995650422412e+09  5.341998666515779e+10 -1.608943565666637e+09  0.000000000000000e+00
 0.000000000000000e+00  0.000000000000000e+00 -8.884783217806598e+08 -1.608943565666637e+09  2.732729296377554e+10  0.000000000000000e+00
 1.665722354844396e+08  6.882269593347043e+07  0.000000000000000e+00  0.000000000000000e+00  0.000000000000000e+00  1.841014154033032e+09

 6.894762571800313e+02  1.336518743787911e-30  0.000000000000000e+00  0.000000000000000e+00  0.000000000000000e+00 -4.044474174784315e+02
 1.336518743787911e-30  6.894762571800313e+02  0.000000000000000e+00  0.000000000000000e+00  0.000000000000000e+00  3.172764525597401e+01
 0.000000000000000e+00  0.000000000000000e+00  6.894762571800313e+02  4.044474174784315e+02 -3.172764525597401e+01  0.000000000000000e+00
 0.000000000000000e+00  0.000000000000000e+00  4.044474174784315e+02  2.923183896881356e+03 -7.496666361464939e+01  0.000000000000000e+00
 0.000000000000000e+00  0.000000000000000e+00 -3.172764525597401e+01 -7.496666361464939e+01  4.699322615172040e+02  0.000000000000000e+00
-4.044474174784315e+02  3.172764525597401e+01  0.000000000000000e+00  0.000000000000000e+00  0.000000000000000e+00  3.393116158398560e+03

 2.800000000000000e-01
 3.649848498148726e+08  1.651969930738546e+07  0.000000000000000e+00  0.000000000000000e+00  0.000000000000000e+00  1.608736598656895e+08
 1.651969930738546e+07  6.660492921070035e+08  0.000000000000000e+00  0.000000000000000e+00  0.000000000000000e+00  6.296952403682857e+07
 0.000000000000000e+00  0.000000000000000e+00  2.656227599551078e+10 -2.318095053117383e+09 -7.686853701433345e+08  0.000000000000000e+00
 0.000000000000000e+00  0.000000000000000e+00 -2.318095053117383e+09  4.985275891099290e+10 -1.280649588562485e+09  0.000000000000000e+00
 0.000000000000000e+00  0.000000000000000e+00 -7.686853701433345e+08 -1.280649588562485e+09  2.533659268530982e+10  0.000000000000000e+00
 1.608736598656895e+08  6.296952403682857e+07  0.000000000000000e+00  0.000000000000000e+00  0.000000000000000e+00  1.703749367834886e+09

 6.711385372528509e+02 -2.497580721555252e-30  0.000000000000000e+00  0.000000000000000e+00  0.000000000000000e+00 -3.772515043023455e+02
-2.497580721555252e-30  6.711385372528509e+02  0.000000000000000e+00  0.000000000000000e+00  0.000000000000000e+00  2.869011143114354e+01
 0.000000000000000e+00  0.000000000000000e+00  6.711385372528509e+02  3.772515043023455e+02 -2.869011143114354e+01  0.000000000000000e+00
 0.000000000000000e+00  0.000000000000000e+00  3.772515043023455e+02  2.710485900487251e+03 -6.713649851356604e+01  0.000000000000000e+00
 0.000000000000000e+00  0.000000000000000e+00 -2.869011143114354e+01 -6.713649851356604e+01  4.316832816644412e+02  0.000000000000000e+00
-3.772515043023455e+02  2.869011143114354e+01  0.000000000000000e+00  0.000000000000000e+00  0.000000000000000e+00  3.142169182151692e+03

 3.000000000000000e-01
 3.512053598048519e+08  1.379492446959120e+07  0.000000000000000e+00  0.000000000000000e+00  0.000000000000000e+00  1.562321703176445e+08
 1.379492446959120e+07  6.549471419105580e+08  0.000000000000000e+00  0.000000000000000e+00  0.000000000000000e+00  5.760720815533786e+07
 0.000000000000000e+00  0.000000000000000e+00  2.622505615767643e+10 -2.787274883631088e+09 -6.671598359491845e+08  0.000000000000000e+00
 0.000000000000000e+00  0.000000000000000e+00 -2.787274883631088e+09  4.613174924978890e+10 -1.006548110488905e+09  0.000000000000000e+00
 0.000000000000000e+00  0.000000000000000e+00 -6.671598359491845e+08 -1.006548110488905e+09  2.347011086437023e+10  0.000000000000000e+00
 1.562321703176445e+08  5.760720815533786e+07  0.000000000000000e+00  0.000000000000000e+00  0.000000000000000e+00  1.574484196482937e+09

 6.524210844036643e+02  1.409588254562956e-30  0.000000000000000e+00  0.000000000000000e+00  0.000000000000000e+00 -3.452025090099689e+02
 1.409588254562956e-30  6.524210844036643e+02  0.000000000000000e+00  0.000000000000000e+00  0.000000000000000e+00  2.601834671169845e+01
 0.000000000000000e+00  0.000000000000000e+00  6.524210844036643e+02  3.452025090099689e+02 -2.601834671169845e+01  0.000000000000000e+00
 0.000000000000000e+00  0.000000000000000e+00  3.452025090099689e+02  2.486691368526958e+03 -5.974140125899189e+01  0.000000000000000e+00
 0.000000000000000e+00  0.000000000000000e+00 -2.601834671169845e+01 -5.974140125899189e+01  3.961536007398735e+02  0.000000000000000e+00
-3.452025090099689e+02  2.601834671169845e+01  0.000000000000000e+00  0.000000000000000e+00  0.000000000000000e+00  2.882844969266832e+03

 3.200000000000000e-01
 3.372368227860416e+08  1.137316914015710e+07  0.000000000000000e+00  0.000000000000000e+00  0.000000000000000e+00  1.520582313055891e+08
 1.137316914015710e+07  6.434670127500985e+08  0.000000000000000e+00  0.000000000000000e+00  0.000000000000000e+00  5.295890423081446e+07
 0.000000000000000e+00  0.000000000000000e+00  2.588959607762398e+10 -3.310562971093837e+09 -5.764559316575134e+08  0.000000000000000e+00
 0.000000000000000e+00  0.000000000000000e+00 -3.310562971093837e+09  4.229617264517938e+10 -7.724289114060508e+08  0.000000000000000e+00
 0.000000000000000e+00  0.000000000000000e+00 -5.764559316575134e+08 -7.724289114060508e+08  2.168429006018205e+10  0.000000000000000e+00
 1.520582313055891e+08  5.295890423081446e+07  0.000000000000000e+00  0.000000000000000e+00  0.000000000000000e+00  1.449895142731485e+09

 6.334158608657197e+02 -3.153248408996070e-30  0.000000000000000e+00  0.000000000000000e+00  0.000000000000000e+00 -3.085652235256151e+02
-3.153248408996070e-30  6.334158608657197e+02  0.000000000000000e+00  0.000000000000000e+00  0.000000000000000e+00  2.353899215404374e+01
 0.000000000000000e+00  0.000000000000000e+00  6.334158608657197e+02  3.085652235256151e+02 -2.353899215404374e+01  0.000000000000000e+00
 0.000000000000000e+00  0.000000000000000e+00  3.085652235256151e+02  2.255114630770932e+03 -5.267293012303519e+01  0.000000000000000e+00
 0.000000000000000e+00  0.000000000000000e+00 -2.353899215404374e+01 -5.267293012303519e+01  3.623498083503319e+02  0.000000000000000e+00
-3.085652235256151e+02  2.353899215404374e+01  0.000000000000000e+00  0.000000000000000e+00  0.000000000000000e+00  2.617464439121264e+03

 3.400000000000000e-01
 3.226807344160936e+08  9.340501881759524e+06  0.000000000000000e+00  0.000000000000000e+00  0.000000000000000e+00  1.481312942377352e+08
 9.340501881759524e+06  6.314052208020717e+08  0.000000000000000e+00  0.000000000000000e+00  0.000000000000000e+00  4.838423496116246e+07
 0.000000000000000e+00  0.000000000000000e+00  2.556234358482259e+10 -3.869107465393865e+09 -4.916349396269960e+08  0.000000000000000e+00
 0.000000000000000e+00  0.000000000000000e+00 -3.869107465393865e+09  3.846379871376797e+10 -5.709850342804625e+08  0.000000000000000e+00
 0.000000000000000e+00  0.000000000000000e+00 -4.916349396269960e+08 -5.709850342804625e+08  1.994687947609599e+10  0.000000000000000e+00
 1.481312942377352e+08  4.838423496116246e+07  0.000000000000000e+00  0.000000000000000e+00  0.000000000000000e+00  1.327326594815399e+09

 6.141545570904492e+02  1.865432081436237e-30  0.000000000000000e+00  0.000000000000000e+00  0.000000000000000e+00 -2.694357293038522e+02
 1.865432081436237e-30  6.141545570904492e+02  0.000000000000000e+00  0.000000000000000e+00  0.000000000000000e+00  2.116342807175152e+01
 0.000000000000000e+00  0.000000000000000e+00  6.141545570904492e+02  2.694357293038522e+02 -2.116342807175152e+01  0.000000000000000e+00
 0.000000000000000e+00  0.000000000000000e+00  2.694357293038522e+02  2.023332942962876e+03 -4.597769089813534e+01  0.000000000000000e+00
 0.000000000000000e+00  0.000000000000000e+00 -2.116342807175152e+01 -4.597769089813534e+01  3.297308708975576e+02  0.000000000000000e+00
-2.694357293038522e+02  2.116342807175152e+01  0.000000000000000e+00  0.000000000000000e+00  0.000000000000000e+00  2.353063813860433e+03

 3.600000000000000e-01
 3.076087264906489e+08  7.488800048748587e+06  0.000000000000000e+00  0.000000000000000e+00  0.000000000000000e+00  1.440934630808409e+08
 7.488800048748587e+06  6.188516998324958e+08  0.000000000000000e+00  0.000000000000000e+00  0.000000000000000e+00  4.447679946956587e+07
 0.000000000000000e+00  0.000000000000000e+00  2.519841017622348e+10 -4.424353676362517e+09 -4.114104996504670e+08  0.000000000000000e+00
 0.000000000000000e+00  0.000000000000000e+00 -4.424353676362517e+09  3.471991669254044e+10 -3.986009337172847e+08  0.000000000000000e+00
 0.000000000000000e+00  0.000000000000000e+00 -4.114104996504670e+08 -3.986009337172847e+08  1.821177020217584e+10  0.000000000000000e+00
 1.440934630808409e+08  4.447679946956587e+07  0.000000000000000e+00  0.000000000000000e+00  0.000000000000000e+00  1.207085528456666e+09

 5.941852711095181e+02 -4.797246506237010e-31  0.000000000000000e+00  0.000000000000000e+00  0.000000000000000e+00 -2.294744501658566e+02
-4.797246506237010e-31  5.941852711095181e+02  0.000000000000000e+00  0.000000000000000e+00  0.000000000000000e+00  1.886829259264520e+01
 0.000000000000000e+00  0.000000000000000e+00  5.941852711095181e+02  2.294744501658566e+02 -1.886829259264520e+01  0.000000000000000e+00
 0.000000000000000e+00  0.000000000000000e+00  2.294744501658566e+02  1.797614984835749e+03 -3.970628445865950e+01  0.000000000000000e+00
 0.000000000000000e+00  0.000000000000000e+00 -1.886829259264520e+01 -3.970628445865950e+01  2.977842524083177e+02  0.000000000000000e+00
-2.294744501658566e+02  1.886829259264520e+01  0.000000000000000e+00  0.000000000000000e+00  0.000000000000000e+00  2.095399237244066e+03

 3.800000000000000e-01
 2.920761711262282e+08  5.954966546886503e+06  0.000000000000000e+00  0.000000000000000e+00  0.000000000000000e+00  1.397101994026136e+08
 5.954966546886503e+06  6.066283828324968e+08  0.000000000000000e+00  0.000000000000000e+00  0.000000000000000e+00  4.013628038667654e+07
 0.000000000000000e+00  0.000000000000000e+00  2.478928084589933e+10 -4.945041336304901e+09 -3.361483870713131e+08  0.000000000000000e+00
 0.000000000000000e+00  0.000000000000000e+00 -4.945041336304901e+09  3.117080502349234e+10 -2.519314365551155e+08  0.000000000000000e+00
 0.000000000000000e+00  0.000000000000000e+00 -3.361483870713131e+08 -2.519314365551155e+08  1.648365523823675e+10  0.000000000000000e+00
 1.397101994026136e+08  4.013628038667654e+07  0.000000000000000e+00  0.000000000000000e+00  0.000000000000000e+00  1.090081169524598e+09

 5.735662826414281e+02  2.264081325701532e-30  0.000000000000000e+00  0.000000000000000e+00  0.000000000000000e+00 -1.903814782617982e+02
 2.264081325701532e-30  5.735662826414281e+02  0.000000000000000e+00  0.000000000000000e+00  0.000000000000000e+00  1.663291471611245e+01
 0.000000000000000e+00  0.000000000000000e+00  5.735662826414281e+02  1.903814782617982e+02 -1.663291471611245e+01  0.000000000000000e+00
 0.000000000000000e+00  0.000000000000000e+00  1.903814782617982e+02  1.583819213574681e+03 -3.385466912106849e+01  0.000000000000000e+00
 0.000000000000000e+00  0.000000000000000e+00 -1.663291471611245e+01 -3.385466912106849e+01  2.666441737294256e+02  0.000000000000000e+00
-1.903814782617982e+02  1.663291471611245e+01  0.000000000000000e+00  0.000000000000000e+00  0.000000000000000e+00  1.850463387304106e+03

 4.000000000000000e-01
 2.761716709740069e+08  4.687007939342449e+06  0.000000000000000e+00  0.000000000000000e+00  0.000000000000000e+00  1.350391490731152e+08
 4.687007939342449e+06  5.950490672519310e+08  0.000000000000000e+00  0.000000000000000e+00  0.000000000000000e+00  3.614449839226264e+07
 0.000000000000000e+00  0.000000000000000e+00  2.432662137255951e+10 -5.411877698957262e+09 -2.659329882452424e+08  0.000000000000000e+00
 0.000000000000000e+00  0.000000000000000e+00 -5.411877698957262e+09  2.786442625242026e+10 -1.320626064164227e+08  0.000000000000000e+00
 0.000000000000000e+00  0.000000000000000e+00 -2.659329882452424e+08 -1.320626064164227e+08  1.478030512964004e+10  0.000000000000000e+00
 1.350391490731152e+08  3.614449839226264e+07  0.000000000000000e+00  0.000000000000000e+00  0.000000000000000e+00  9.774824076901326e+08

 5.524106168785402e+02  2.716172020124156e-30  0.000000000000000e+00  0.000000000000000e+00  0.000000000000000e+00 -1.536272078951375e+02
 2.716172020124156e-30  5.524106168785402e+02  0.000000000000000e+00  0.000000000000000e+00  0.000000000000000e+00  1.453593968171983e+01
 0.000000000000000e+00  0.000000000000000e+00  5.524106168785402e+02  1.536272078951375e+02 -1.453593968171983e+01  0.000000000000000e+00
 0.000000000000000e+00  0.000000000000000e+00  1.536272078951375e+02  1.386156023617933e+03 -2.862237113391253e+01  0.000000000000000e+00
 0.000000000000000e+00  0.000000000000000e+00 -1.453593968171983e+01 -2.862237113391253e+01  2.366241174736670e+02  0.000000000000000e+00
-1.536272078951375e+02  1.453593968171983e+01  0.000000000000000e+00  0.000000000000000e+00  0.000000000000000e+00  1.622780141091600e+03

 4.200000000000000e-01
 2.603271771001641e+08  3.224934426970684e+06  0.000000000000000e+00  0.000000000000000e+00  0.000000000000000e+00  1.301228110582194e+08
 3.224934426970684e+06  5.836632300402672e+08  0.000000000000000e+00  0.000000000000000e+00  0.000000000000000e+00  3.411783193718400e+07
 0.000000000000000e+00  0.000000000000000e+00  2.380121329629383e+10 -5.819085374539062e+09 -2.654961583774996e+08  0.000000000000000e+00
 0.000000000000000e+00  0.000000000000000e+00 -5.819085374539062e+09  2.481568548431822e+10 -6.731484641743677e+06  0.000000000000000e+00
 0.000000000000000e+00  0.000000000000000e+00 -2.654961583774996e+08 -6.731484641743677e+06  1.313761517729997e+10  0.000000000000000e+00
 1.301228110582194e+08  3.411783193718400e+07  0.000000000000000e+00  0.000000000000000e+00  0.000000000000000e+00  8.711963987934523e+08

 5.306100179571004e+02 -2.021456049545478e-30  0.000000000000000e+00  0.000000000000000e+00  0.000000000000000e+00 -1.194348831564714e+02
-2.021456049545478e-30  5.306100179571004e+02  0.000000000000000e+00  0.000000000000000e+00  0.000000000000000e+00  1.374485143965797e+01
 0.000000000000000e+00  0.000000000000000e+00  5.306100179571004e+02  1.194348831564714e+02 -1.374485143965797e+01  0.000000000000000e+00
 0.000000000000000e+00  0.000000000000000e+00  1.194348831564714e+02  1.205322764705000e+03 -2.356793010019038e+01  0.000000000000000e+00
 0.000000000000000e+00  0.000000000000000e+00 -1.374485143965797e+01 -2.356793010019038e+01  2.082718546060746e+02  0.000000000000000e+00
-1.194348831564714e+02  1.374485143965797e+01  0.000000000000000e+00  0.000000000000000e+00  0.000000000000000e+00  1.413594619311075e+03

 4.400000000000000e-01
 2.443858459581599e+08  2.118452676928164e+06  0.000000000000000e+00  0.000000000000000e+00  0.000000000000000e+00  1.244904365220620e+08
 2.118452676928164e+06  5.727060369680111e+08  0.000000000000000e+00  0.000000000000000e+00  0.000000000000000e+00  3.149699056867758e+07
 0.000000000000000e+00  0.000000000000000e+00  2.323281612828836e+10 -6.159570769399611e+09 -2.659029348204941e+08  0.000000000000000e+00
 0.000000000000000e+00  0.000000000000000e+00 -6.159570769399611e+09  2.206028600753943e+10  9.550294009810160e+07  0.000000000000000e+00
 0.000000000000000e+00  0.000000000000000e+00 -2.659029348204941e+08  9.550294009810160e+07  1.157812829376908e+10  0.000000000000000e+00
 1.244904365220620e+08  3.149699056867758e+07  0.000000000000000e+00  0.000000000000000e+00  0.000000000000000e+00  7.702651989517052e+08

 5.085326267315837e+02  2.257330678113392e-30  0.000000000000000e+00  0.000000000000000e+00  0.000000000000000e+00 -8.857662308473954e+01
 2.257330678113392e-30  5.085326267315837e+02  0.000000000000000e+00  0.000000000000000e+00  0.000000000000000e+00  1.296543104185178e+01
 0.000000000000000e+00  0.000000000000000e+00  5.085326267315837e+02  8.857662308473954e+01 -1.296543104185178e+01  0.000000000000000e+00
 0.000000000000000e+00  0.000000000000000e+00  8.857662308473954e+01  1.042717370718778e+03 -1.904289527359681e+01  0.000000000000000e+00
 0.000000000000000e+00  0.000000000000000e+00 -1.296543104185178e+01 -1.904289527359681e+01  1.818260087167508e+02  0.000000000000000e+00
-8.857662308473954e+01  1.296543104185178e+01  0.000000000000000e+00  0.000000000000000e+00  0.000000000000000e+00  1.224543379435529e+03

 4.600000000000000e-01
 2.289678633932236e+08  1.128825797315699e+06  0.000000000000000e+00  0.000000000000000e+00  0.000000000000000e+00  1.189506092239008e+08
 1.128825797315699e+06  5.634864237588363e+08  0.000000000000000e+00  0.000000000000000e+00  0.000000000000000e+00  2.938756365826897e+07
 0.000000000000000e+00  0.000000000000000e+00  2.261782114113185e+10 -6.429757168358047e+09 -2.670035395796140e+08  0.000000000000000e+00
 0.000000000000000e+00  0.000000000000000e+00 -6.429757168358047e+09  1.958947567582066e+10  1.745832246552723e+08  0.000000000000000e+00
 0.000000000000000e+00  0.000000000000000e+00 -2.670035395796140e+08  1.745832246552723e+08  1.011999705419245e+10  0.000000000000000e+00
 1.189506092239008e+08  2.938756365826897e+07  0.000000000000000e+00  0.000000000000000e+00  0.000000000000000e+00  6.786644677923129e+08

 4.863728140800019e+02 -2.372288618831024e-30  0.000000000000000e+00  0.000000000000000e+00  0.000000000000000e+00 -6.131642777895352e+01
-2.372288618831024e-30  4.863728140800019e+02  0.000000000000000e+00  0.000000000000000e+00  0.000000000000000e+00  1.221696960401786e+01
 0.000000000000000e+00  0.000000000000000e+00  4.863728140800019e+02  6.131642777895352e+01 -1.221696960401786e+01  0.000000000000000e+00
 0.000000000000000e+00  0.000000000000000e+00  6.131642777895352e+01  8.986873406193822e+02 -1.514038101312581e+01  0.000000000000000e+00
 0.000000000000000e+00  0.000000000000000e+00 -1.221696960401786e+01 -1.514038101312581e+01  1.575262121877331e+02  0.000000000000000e+00
-6.131642777895352e+01  1.221696960401786e+01  0.000000000000000e+00  0.000000000000000e+00  0.000000000000000e+00  1.056213552807115e+03

 4.800000000000000e-01
 2.138832220487353e+08  3.886620115028062e+05  0.000000000000000e+00  0.000000000000000e+00  0.000000000000000e+00  1.132059633948464e+08
 3.886620115028062e+05  5.554668627452469e+08  0.000000000000000e+00  0.000000000000000e+00  0.000000000000000e+00  2.721164858911171e+07
 0.000000000000000e+00  0.000000000000000e+00  2.195242553986189e+10 -6.663590311926699e+09 -2.656507188097177e+08  0.000000000000000e+00
 0.000000000000000e+00  0.000000000000000e+00 -6.663590311926699e+09  1.729255132491370e+10  2.354751961693930e+08  0.000000000000000e+00
 0.000000000000000e+00  0.000000000000000e+00 -2.656507188097177e+08  2.354751961693930e+08  8.782978484748232e+09  0.000000000000000e+00
 1.132059633948464e+08  2.721164858911171e+07  0.000000000000000e+00  0.000000000000000e+00  0.000000000000000e+00  5.947593581781303e+08

 4.635673849384333e+02 -5.051387426903377e-31  0.000000000000000e+00  0.000000000000000e+00  0.000000000000000e+00 -3.621748188067766e+01
-5.051387426903377e-31  4.635673849384333e+02  0.000000000000000e+00  0.000000000000000e+00  0.000000000000000e+00  1.143149617503725e+01
 0.000000000000000e+00  0.000000000000000e+00  4.635673849384333e+02  3.621748188067766e+01 -1.143149617503725e+01  0.000000000000000e+00
 0.000000000000000e+00  0.000000000000000e+00  3.621748188067766e+01  7.675147372399512e+02 -1.169606361483494e+01  0.000000000000000e+00
 0.000000000000000e+00  0.000000000000000e+00 -1.143149617503725e+01 -1.169606361483494e+01  1.355677692862774e+02  0.000000000000000e+00
-3.621748188067766e+01  1.143149617503725e+01  0.000000000000000e+00  0.000000000000000e+00  0.000000000000000e+00  9.030825065262285e+02

 5.000000000000000e-01
 1.994682412075071e+08 -1.987277354959623e+05  0.000000000000000e+00  0.000000000000000e+00  0.000000000000000e+00  1.070378278346674e+08
-1.987277354959623e+05  5.473641881552455e+08  0.000000000000000e+00  0.000000000000000e+00  0.000000000000000e+00  2.513659936318439e+07
 0.000000000000000e+00  0.000000000000000e+00  2.128095168351159e+10 -6.768849004000597e+09 -2.631998060608524e+08  0.000000000000000e+00
 0.000000000000000e+00  0.000000000000000e+00 -6.768849004000597e+09  1.542857595964676e+10  2.738956948218243e+08  0.000000000000000e+00
 0.000000000000000e+00  0.000000000000000e+00 -2.631998060608524e+08  2.738956948218243e+08  7.575072810287887e+09  0.000000000000000e+00
 1.070378278346674e+08  2.513659936318439e+07  0.000000000000000e+00  0.000000000000000e+00  0.000000000000000e+00  5.189260486785877e+08

 4.421117161690295e+02  1.047147763291656e-30  0.000000000000000e+00  0.000000000000000e+00  0.000000000000000e+00 -1.725427999275668e+01
 1.047147763291656e-30  4.421117161690295e+02  0.000000000000000e+00  0.000000000000000e+00  0.000000000000000e+00  1.072054712273375e+01
 0.000000000000000e+00  0.000000000000000e+00  4.421117161690295e+02  1.725427999275668e+01 -1.072054712273375e+01  0.000000000000000e+00
 0.000000000000000e+00  0.000000000000000e+00  1.725427999275668e+01  6.604879303219356e+02 -8.984241561063104e+00  0.000000000000000e+00
 0.000000000000000e+00  0.000000000000000e+00 -1.072054712273375e+01 -8.984241561063104e+00  1.160072714318231e+02  0.000000000000000e+00
-1.725427999275668e+01  1.072054712273375e+01  0.000000000000000e+00  0.000000000000000e+00  0.000000000000000e+00  7.764952017537587e+02

 5.200000000000000e-01
 1.809798206961675e+08 -3.706696133089523e+05  0.000000000000000e+00  0.000000000000000e+00  0.000000000000000e+00  1.098944453401365e+08
-3.706696133089523e+05  5.370173335263336e+08  0.000000000000000e+00  0.000000000000000e+00  0.000000000000000e+00  2.253582643318853e+07
 0.000000000000000e+00  0.000000000000000e+00  2.062715181599185e+10 -6.729905596348269e+09 -2.601587157475550e+08  0.000000000000000e+00
 0.000000000000000e+00  0.000000000000000e+00 -6.729905596348269e+09  1.403994305788436e+10  2.920174471108363e+08  0.000000000000000e+00
 0.000000000000000e+00  0.000000000000000e+00 -2.601587157475550e+08  2.920174471108363e+08  6.499211892640808e+09  0.000000000000000e+00
 1.098944453401365e+08  2.253582643318853e+07  0.000000000000000e+00  0.000000000000000e+00  0.000000000000000e+00  4.385887891091912e+08

 4.210610053742260e+02  6.817151074220938e-31  0.000000000000000e+00  0.000000000000000e+00  0.000000000000000e+00 -1.685654108327311e+00
 6.817151074220938e-31  4.210610053742260e+02  0.000000000000000e+00  0.000000000000000e+00  0.000000000000000e+00  9.893962712416229e+00
 0.000000000000000e+00  0.000000000000000e+00  4.210610053742260e+02  1.685654108327311e+00 -9.893962712416229e+00  0.000000000000000e+00
 0.000000000000000e+00  0.000000000000000e+00  1.685654108327311e+00  5.731966009093255e+02 -6.610267422110634e+00  0.000000000000000e+00
 0.000000000000000e+00  0.000000000000000e+00 -9.893962712416229e+00 -6.610267422110634e+00  9.878864322986148e+01  0.000000000000000e+00
-1.685654108327311e+00  9.893962712416229e+00  0.000000000000000e+00  0.000000000000000e+00  0.000000000000000e+00  6.719852441391870e+02

 5.400000000000000e-01
 1.693220690392068e+08 -1.073292183245081e+06  0.000000000000000e+00  0.000000000000000e+00  0.000000000000000e+00  1.020138437394280e+08
-1.073292183245081e+06  5.260609498622125e+08  0.000000000000000e+00  0.000000000000000e+00  0.000000000000000e+00  2.118395519166253e+07
 0.000000000000000e+00  0.000000000000000e+00  1.995959097954167e+10 -6.616266815670422e+09 -2.659187457686854e+08  0.000000000000000e+00
 0.000000000000000e+00  0.000000000000000e+00 -6.616266815670422e+09  1.282519548979585e+10  3.006741921183018e+08  0.000000000000000e+00
 0.000000000000000e+00  0.000000000000000e+00 -2.659187457686854e+08  3.006741921183018e+08  5.551582908992299e+09  0.000000000000000e+00
 1.020138437394280e+08  2.118395519166253e+07  0.000000000000000e+00  0.000000000000000e+00  0.000000000000000e+00  3.845861460686284e+08

 4.034165251028101e+02  1.280565271052337e-31  0.000000000000000e+00  0.000000000000000e+00  0.000000000000000e+00  6.166001990611514e+00
 1.280565271052337e-31  4.034165251028101e+02  0.000000000000000e+00  0.000000000000000e+00  0.000000000000000e+00  9.559985181632486e+00
 0.000000000000000e+00  0.000000000000000e+00  4.034165251028101e+02 -6.166001990611514e+00 -9.559985181632486e+00  0.000000000000000e+00
 0.000000000000000e+00  0.000000000000000e+00 -6.166001990611514e+00  5.053328321805624e+02 -5.138010616605877e+00  0.000000000000000e+00
 0.000000000000000e+00  0.000000000000000e+00 -9.559985181632486e+00 -5.138010616605877e+00  8.385127686540110e+01  0.000000000000000e+00
 6.166001990611514e+00  9.559985181632486e+00  0.000000000000000e+00  0.000000000000000e+00  0.000000000000000e+00  5.891841090459635e+02

 5.600000000000001e-01
 1.584894143397845e+08 -1.771588375945961e+06  0.000000000000000e+00  0.000000000000000e+00  0.000000000000000e+00  9.464893002665547e+07
-1.771588375945961e+06  5.157102404748955e+08  0.000000000000000e+00  0.000000000000000e+00  0.000000000000000e+00  2.030199020146702e+07
 0.000000000000000e+00  0.000000000000000e+00  1.926651720614061e+10 -6.465208418869221e+09 -2.863329063468831e+08  0.000000000000000e+00
 0.000000000000000e+00  0.000000000000000e+00 -6.465208418869221e+09  1.170859770992935e+10  3.094245051249588e+08  0.000000000000000e+00
 0.000000000000000e+00  0.000000000000000e+00 -2.863329063468831e+08  3.094245051249588e+08  4.726384503219745e+09  0.000000000000000e+00
 9.464893002665547e+07  2.030199020146702e+07  0.000000000000000e+00  0.000000000000000e+00  0.000000000000000e+00  3.374403292893662e+08

 3.859237880984811e+02  1.476886390309951e-30  0.000000000000000e+00  0.000000000000000e+00  0.000000000000000e+00  1.229627221736519e+01
 1.476886390309951e-30  3.859237880984811e+02  0.000000000000000e+00  0.000000000000000e+00  0.000000000000000e+00  9.478133531162594e+00
 0.000000000000000e+00  0.000000000000000e+00  3.859237880984811e+02 -1.229627221736519e+01 -9.478133531162594e+00  0.000000000000000e+00
 0.000000000000000e+00  0.000000000000000e+00 -1.229627221736519e+01  4.452327466801713e+02 -3.818115273643370e+00  0.000000000000000e+00
 0.000000000000000e+00  0.000000000000000e+00 -9.478133531162594e+00 -3.818115273643370e+00  7.098628672486495e+01  0.000000000000000e+00
 1.229627221736519e+01  9.478133531162594e+00  0.000000000000000e+00  0.000000000000000e+00  0.000000000000000e+00  5.162190334050363e+02

 5.800000000000000e-01
 1.483901539941054e+08 -2.328759055898421e+06  0.000000000000000e+00  0.000000000000000e+00  0.000000000000000e+00  8.773864998838116e+07
-2.328759055898421e+06  5.053835897778724e+08  0.000000000000000e+00  0.000000000000000e+00  0.000000000000000e+00  1.929290058467235e+07
 0.000000000000000e+00  0.000000000000000e+00  1.855074762124298e+10 -6.272243902547100e+09 -2.972140864407920e+08  0.000000000000000e+00
 0.000000000000000e+00  0.000000000000000e+00 -6.272243902547100e+09  1.068338658121072e+10  3.080061201740757e+08  0.000000000000000e+00
 0.000000000000000e+00  0.000000000000000e+00 -2.972140864407920e+08  3.080061201740757e+08  4.013498918342502e+09  0.000000000000000e+00
 8.773864998838116e+07  1.929290058467235e+07  0.000000000000000e+00  0.000000000000000e+00  0.000000000000000e+00  2.962025725272851e+08

 3.686977120992365e+02  7.696402619668611e-31  0.000000000000000e+00  0.000000000000000e+00  0.000000000000000e+00  1.672267209855152e+01
 7.696402619668611e-31  3.686977120992365e+02  0.000000000000000e+00  0.000000000000000e+00  0.000000000000000e+00  9.272435947761272e+00
 0.000000000000000e+00  0.000000000000000e+00  3.686977120992365e+02 -1.672267209855152e+01 -9.272435947761272e+00  0.000000000000000e+00
 0.000000000000000e+00  0.000000000000000e+00 -1.672267209855152e+01  3.923632843213065e+02 -2.795352750500691e+00  0.000000000000000e+00
 0.000000000000000e+00  0.000000000000000e+00 -9.272435947761272e+00 -2.795352750500691e+00  5.998657279622034e+01  0.000000000000000e+00
 1.672267209855152e+01  9.272435947761272e+00  0.000000000000000e+00  0.000000000000000e+00  0.000000000000000e+00  4.523498571175268e+02

 6.000000000000000e-01
 1.390422286780831e+08 -2.762078928341040e+06  0.000000000000000e+00  0.000000000000000e+00  0.000000000000000e+00  8.127865844239774e+07
-2.762078928341040e+06  4.951196542851284e+08  0.000000000000000e+00  0.000000000000000e+00  0.000000000000000e+00  1.820716156584651e+07
 0.000000000000000e+00  0.000000000000000e+00  1.781320134923986e+10 -6.039181366061903e+09 -2.992675502010304e+08  0.000000000000000e+00
 0.000000000000000e+00  0.000000000000000e+00 -6.039181366061903e+09  9.738385898075109e+09  2.983426988296183e+08  0.000000000000000e+00
 0.000000000000000e+00  0.000000000000000e+00 -2.992675502010304e+08  2.983426988296183e+08  3.401654594196335e+09  0.000000000000000e+00
 8.127865844239774e+07  1.820716156584651e+07  0.000000000000000e+00  0.000000000000000e+00  0.000000000000000e+00  2.603028723357445e+08

 3.517611371594904e+02 -4.950798523332413e-31  0.000000000000000e+00  0.000000000000000e+00  0.000000000000000e+00  1.966404495433360e+01
-4.950798523332413e-31  3.517611371594904e+02  0.000000000000000e+00  0.000000000000000e+00  0.000000000000000e+00  8.956823872102698e+00
 0.000000000000000e+00  0.000000000000000e+00  3.517611371594904e+02 -1.966404495433360e+01 -8.956823872102698e+00  0.000000000000000e+00
 0.000000000000000e+00  0.000000000000000e+00 -1.966404495433360e+01  3.459082553738089e+02 -2.025678647564974e+00  0.000000000000000e+00
 0.000000000000000e+00  0.000000000000000e+00 -8.956823872102698e+00 -2.025678647564974e+00  5.063998634128919e+01  0.000000000000000e+00
 1.966404495433360e+01  8.956823872102698e+00  0.000000000000000e+00  0.000000000000000e+00  0.000000000000000e+00  3.965482417150981e+02

 6.200000000000000e-01
 1.304074122088007e+08 -3.085351616428718e+06  0.000000000000000e+00  0.000000000000000e+00  0.000000000000000e+00  7.525228084864196e+07
-3.085351616428718e+06  4.846502582470655e+08  0.000000000000000e+00  0.000000000000000e+00  0.000000000000000e+00  1.705888488773687e+07
 0.000000000000000e+00  0.000000000000000e+00  1.705876631293758e+10 -5.768929738143787e+09 -2.939455491735526e+08  0.000000000000000e+00
 0.000000000000000e+00  0.000000000000000e+00 -5.768929738143787e+09  8.863631952078171e+09  2.825281421081643e+08  0.000000000000000e+00
 0.000000000000000e+00  0.000000000000000e+00 -2.939455491735526e+08  2.825281421081643e+08  2.880182078641551e+09  0.000000000000000e+00
 7.525228084864196e+07  1.705888488773687e+07  0.000000000000000e+00  0.000000000000000e+00  0.000000000000000e+00  2.291247876533237e+08

 3.351644827041522e+02  2.165566503127985e-31  0.000000000000000e+00  0.000000000000000e+00  0.000000000000000e+00  2.126726256700473e+01
 2.165566503127985e-31  3.351644827041522e+02  0.000000000000000e+00  0.000000000000000e+00  0.000000000000000e+00  8.554438001319213e+00
 0.000000000000000e+00  0.000000000000000e+00  3.351644827041522e+02 -2.126726256700473e+01 -8.554438001319213e+00  0.000000000000000e+00
 0.000000000000000e+00  0.000000000000000e+00 -2.126726256700473e+01  3.050876192318033e+02 -1.466102636144617e+00  0.000000000000000e+00
 0.000000000000000e+00  0.000000000000000e+00 -8.554438001319213e+00 -1.466102636144617e+00  4.274711670028723e+01  0.000000000000000e+00
 2.126726256700473e+01  8.554438001319213e+00  0.000000000000000e+00  0.000000000000000e+00  0.000000000000000e+00  3.478347359320906e+02

 6.400000000000000e-01
 1.225019865222890e+08 -3.255342862405191e+06  0.000000000000000e+00  0.000000000000000e+00  0.000000000000000e+00  6.963720536584777e+07
-3.255342862405191e+06  4.744753054393768e+08  0.000000000000000e+00  0.000000000000000e+00  0.000000000000000e+00  1.579543731452938e+07
 0.000000000000000e+00  0.000000000000000e+00  1.628180269351003e+10 -5.470495539538736e+09 -2.821308335542986e+08  0.000000000000000e+00
 0.000000000000000e+00  0.000000000000000e+00 -5.470495539538736e+09  8.029697947819770e+09  2.621566083701118e+08  0.000000000000000e+00
 0.000000000000000e+00  0.000000000000000e+00 -2.821308335542986e+08  2.621566083701118e+08  2.437330027246178e+09  0.000000000000000e+00
 6.963720536584777e+07  1.579543731452938e+07  0.000000000000000e+00  0.000000000000000e+00  0.000000000000000e+00  2.019591439866650e+08

 3.186467532073464e+02  1.016160746944100e-30  0.000000000000000e+00  0.000000000000000e+00  0.000000000000000e+00  2.214024770390049e+01
 1.016160746944100e-30  3.186467532073464e+02  0.000000000000000e+00  0.000000000000000e+00  0.000000000000000e+00  8.079792410121637e+00
 0.000000000000000e+00  0.000000000000000e+00  3.186467532073464e+02 -2.214024770390049e+01 -8.079792410121637e+00  0.000000000000000e+00
 0.000000000000000e+00  0.000000000000000e+00 -2.214024770390049e+01  2.682451625745808e+02 -1.075989841747480e+00  0.000000000000000e+00
 0.000000000000000e+00  0.000000000000000e+00 -8.079792410121637e+00 -1.075989841747480e+00  3.610392479595430e+01  0.000000000000000e+00
 2.214024770390049e+01  8.079792410121637e+00  0.000000000000000e+00  0.000000000000000e+00  0.000000000000000e+00  3.043490873705351e+02

 6.600000000000000e-01
 1.152551216442848e+08 -3.305978390173341e+06  0.000000000000000e+00  0.000000000000000e+00  0.000000000000000e+00  6.442407187764451e+07
-3.305978390173341e+06  4.642361147910148e+08  0.000000000000000e+00  0.000000000000000e+00  0.000000000000000e+00  1.448974354310497e+07
 0.000000000000000e+00  0.000000000000000e+00  1.548482503547191e+10 -5.145278025793296e+09 -2.654746072688451e+08  0.000000000000000e+00
 0.000000000000000e+00  0.000000000000000e+00 -5.145278025793296e+09  7.239637825030818e+09  2.387780399860447e+08  0.000000000000000e+00
 0.000000000000000e+00  0.000000000000000e+00 -2.654746072688451e+08  2.387780399860447e+08  2.062289431137693e+09  0.000000000000000e+00
 6.442407187764451e+07  1.448974354310497e+07  0.000000000000000e+00  0.000000000000000e+00  0.000000000000000e+00  1.783720351666388e+08

 3.022660578905798e+02  8.657990307350034e-32  0.000000000000000e+00  0.000000000000000e+00  0.000000000000000e+00  2.230672122109316e+01
 8.657990307350034e-32  3.022660578905798e+02  0.000000000000000e+00  0.000000000000000e+00  0.000000000000000e+00  7.553812298611108e+00
 0.000000000000000e+00  0.000000000000000e+00  3.022660578905798e+02 -2.230672122109316e+01 -7.553812298611108e+00  0.000000000000000e+00
 0.000000000000000e+00  0.000000000000000e+00 -2.230672122109316e+01  2.352281359310418e+02 -8.201602956171359e-01  0.000000000000000e+00
 0.000000000000000e+00  0.000000000000000e+00 -7.553812298611108e+00 -8.201602956171359e-01  3.052635822593763e+01  0.000000000000000e+00
 2.230672122109316e+01  7.553812298611108e+00  0.000000000000000e+00  0.000000000000000e+00  0.000000000000000e+00  2.657544941569794e+02

 6.800000000000000e-01
 1.086246406235284e+08 -3.286468840265565e+06  0.000000000000000e+00  0.000000000000000e+00  0.000000000000000e+00  5.950157635211214e+07
-3.286468840265565e+06  4.535442302252245e+08  0.000000000000000e+00  0.000000000000000e+00  0.000000000000000e+00  1.320191979800041e+07
 0.000000000000000e+00  0.000000000000000e+00  1.467117787377136e+10 -4.786780403658142e+09 -2.453655242029715e+08  0.000000000000000e+00
 0.000000000000000e+00  0.000000000000000e+00 -4.786780403658142e+09  6.502510756547204e+09  2.135987455940360e+08  0.000000000000000e+00
 0.000000000000000e+00  0.000000000000000e+00 -2.453655242029715e+08  2.135987455940360e+08  1.744821994035645e+09  0.000000000000000e+00
 5.950157635211214e+07  1.320191979800041e+07  0.000000000000000e+00  0.000000000000000e+00  0.000000000000000e+00  1.577918110453372e+08

 2.861958563972874e+02 -9.183329081976016e-31  0.000000000000000e+00  0.000000000000000e+00  0.000000000000000e+00  2.143544351421051e+01
-9.183329081976016e-31  2.861958563972874e+02  0.000000000000000e+00  0.000000000000000e+00  0.000000000000000e+00  7.001466715647122e+00
 0.000000000000000e+00  0.000000000000000e+00  2.861958563972874e+02 -2.143544351421051e+01 -7.001466715647122e+00  0.000000000000000e+00
 0.000000000000000e+00  0.000000000000000e+00 -2.143544351421051e+01  2.062761884346297e+02 -6.675341295376389e-01  0.000000000000000e+00
 0.000000000000000e+00  0.000000000000000e+00 -7.001466715647122e+00 -6.675341295376389e-01  2.584443436671940e+01  0.000000000000000e+00
 2.143544351421051e+01  7.001466715647122e+00  0.000000000000000e+00  0.000000000000000e+00  0.000000000000000e+00  2.321206228013491e+02

 7.000000000000001e-01
 1.025840181329936e+08 -3.211700428179487e+06  0.000000000000000e+00  0.000000000000000e+00  0.000000000000000e+00  5.490014205817328e+07
-3.211700428179487e+06  4.423749744912971e+08  0.000000000000000e+00  0.000000000000000e+00  0.000000000000000e+00  1.194860204489029e+07
 0.000000000000000e+00  0.000000000000000e+00  1.383628184626451e+10 -4.401782151799471e+09 -2.231172424147500e+08  0.000000000000000e+00
 0.000000000000000e+00  0.000000000000000e+00 -4.401782151799471e+09  5.809911596142665e+09  1.880149406074932e+08  0.000000000000000e+00
 0.000000000000000e+00  0.000000000000000e+00 -2.231172424147500e+08  1.880149406074932e+08  1.475688515546709e+09  0.000000000000000e+00
 5.490014205817328e+07  1.194860204489029e+07  0.000000000000000e+00  0.000000000000000e+00  0.000000000000000e+00  1.398530074377180e+08

 2.702993404901339e+02 -1.037533892395639e-30  0.000000000000000e+00  0.000000000000000e+00  0.000000000000000e+00  1.980675349288689e+01
-1.037533892395639e-30  2.702993404901339e+02  0.000000000000000e+00  0.000000000000000e+00  0.000000000000000e+00  6.436713007309809e+00
 0.000000000000000e+00  0.000000000000000e+00  2.702993404901339e+02 -1.980675349288689e+01 -6.436713007309809e+00  0.000000000000000e+00
 0.000000000000000e+00  0.000000000000000e+00 -1.980675349288689e+01  1.807578314620893e+02 -5.828149684572729e-01  0.000000000000000e+00
 0.000000000000000e+00  0.000000000000000e+00 -6.436713007309809e+00 -5.828149684572729e-01  2.190780851559390e+01  0.000000000000000e+00
 1.980675349288689e+01  6.436713007309809e+00  0.000000000000000e+00  0.000000000000000e+00  0.000000000000000e+00  2.026656399776832e+02

 7.200000000000000e-01
 9.699532357991742e+07 -3.130026302574127e+06  0.000000000000000e+00  0.000000000000000e+00  0.000000000000000e+00  5.052754680300099e+07
-3.130026302574127e+06  4.305923912581322e+08  0.000000000000000e+00  0.000000000000000e+00  0.000000000000000e+00  1.082942702257159e+07
 0.000000000000000e+00  0.000000000000000e+00  1.297161084439348e+10 -4.001568016759964e+09 -1.995448030213749e+08  0.000000000000000e+00
 0.000000000000000e+00  0.000000000000000e+00 -4.001568016759964e+09  5.149572235944607e+09  1.632768832605887e+08  0.000000000000000e+00
 0.000000000000000e+00  0.000000000000000e+00 -1.995448030213749e+08  1.632768832605887e+08  1.246732127717320e+09  0.000000000000000e+00
 5.052754680300099e+07  1.082942702257159e+07  0.000000000000000e+00  0.000000000000000e+00  0.000000000000000e+00  1.239752371007181e+08

 2.542165013601483e+02 -9.856746262086198e-31  0.000000000000000e+00  0.000000000000000e+00  0.000000000000000e+00  1.786257419209902e+01
-9.856746262086198e-31  2.542165013601483e+02  0.000000000000000e+00  0.000000000000000e+00  0.000000000000000e+00  5.850351557034878e+00
 0.000000000000000e+00  0.000000000000000e+00  2.542165013601483e+02 -1.786257419209902e+01 -5.850351557034878e+00  0.000000000000000e+00
 0.000000000000000e+00  0.000000000000000e+00 -1.786257419209902e+01  1.578933007585472e+02 -5.329882869599567e-01  0.000000000000000e+00
 0.000000000000000e+00  0.000000000000000e+00 -5.850351557034878e+00 -5.329882869599567e-01  1.858161821098263e+01  0.000000000000000e+00
 1.786257419209902e+01  5.850351557034878e+00  0.000000000000000e+00  0.000000000000000e+00  0.000000000000000e+00  1.764749189695298e+02

 7.400000000000000e-01
 9.180493659591590e+07 -3.005832949726589e+06  0.000000000000000e+00  0.000000000000000e+00  0.000000000000000e+00  4.634709817512296e+07
-3.005832949726589e+06  4.182488287671003e+08  0.000000000000000e+00  0.000000000000000e+00  0.000000000000000e+00  9.791117362544281e+06
 0.000000000000000e+00  0.000000000000000e+00  1.208323882244809e+10 -3.594806050118359e+09 -1.762728975186080e+08  0.000000000000000e+00
 0.000000000000000e+00  0.000000000000000e+00 -3.594806050118359e+09  4.522478682821809e+09  1.407029219794722e+08  0.000000000000000e+00
 0.000000000000000e+00  0.000000000000000e+00 -1.762728975186080e+08  1.407029219794722e+08  1.051721454140245e+09  0.000000000000000e+00
 4.634709817512296e+07  9.791117362544281e+06  0.000000000000000e+00  0.000000000000000e+00  0.000000000000000e+00  1.098391123783481e+08

 2.378897940452422e+02 -3.597906477380278e-31  0.000000000000000e+00  0.000000000000000e+00  0.000000000000000e+00  1.571293577413687e+01
-3.597906477380278e-31  2.378897940452422e+02  0.000000000000000e+00  0.000000000000000e+00  0.000000000000000e+00  5.262365839416344e+00
 0.000000000000000e+00  0.000000000000000e+00  2.378897940452422e+02 -1.571293577413687e+01 -5.262365839416344e+00  0.000000000000000e+00
 0.000000000000000e+00  0.000000000000000e+00 -1.571293577413687e+01  1.373877904148299e+02 -4.826658374511691e-01  0.000000000000000e+00
 0.000000000000000e+00  0.000000000000000e+00 -5.262365839416344e+00 -4.826658374511691e-01  1.576259722821475e+01  0.000000000000000e+00
 1.571293577413687e+01  5.262365839416344e+00  0.000000000000000e+00  0.000000000000000e+00  0.000000000000000e+00  1.531503876430447e+02

 7.600000000000000e-01
 8.688246576487286e+07 -2.892478855407257e+06  0.000000000000000e+00  0.000000000000000e+00  0.000000000000000e+00  4.230197149105003e+07
-2.892478855407257e+06  4.056387978070408e+08  0.000000000000000e+00  0.000000000000000e+00  0.000000000000000e+00  8.988848144745324e+06
 0.000000000000000e+00  0.000000000000000e+00  1.116314114152051e+10 -3.196771745997530e+09 -1.549802714071194e+08  0.000000000000000e+00
 0.000000000000000e+00  0.000000000000000e+00 -3.196771745997530e+09  3.915677696406276e+09  1.212613805993242e+08  0.000000000000000e+00
 0.000000000000000e+00  0.000000000000000e+00 -1.549802714071194e+08  1.212613805993242e+08  8.844943618645499e+08  0.000000000000000e+00
 4.230197149105003e+07  8.988848144745324e+06  0.000000000000000e+00  0.000000000000000e+00  0.000000000000000e+00  9.706665145104057e+07

 2.208919302454231e+02  4.298920688862630e-31  0.000000000000000e+00  0.000000000000000e+00  0.000000000000000e+00  1.397039756801686e+01
 4.298920688862630e-31  2.208919302454231e+02  0.000000000000000e+00  0.000000000000000e+00  0.000000000000000e+00  4.684703270963352e+00
 0.000000000000000e+00  0.000000000000000e+00  2.208919302454231e+02 -1.397039756801686e+01 -4.684703270963352e+00  0.000000000000000e+00
 0.000000000000000e+00  0.000000000000000e+00 -1.397039756801686e+01  1.183500491959885e+02 -4.042726165072192e-01  0.000000000000000e+00
 0.000000000000000e+00  0.000000000000000e+00 -4.684703270963352e+00 -4.042726165072192e-01  1.335389549155630e+01  0.000000000000000e+00
 1.397039756801686e+01  4.684703270963352e+00  0.000000000000000e+00  0.000000000000000e+00  0.000000000000000e+00  1.317039446875448e+02

 7.800000000000000e-01
 8.262866979686581e+07 -2.652738763181348e+06  0.000000000000000e+00  0.000000000000000e+00  0.000000000000000e+00  3.882705482112540e+07
-2.652738763181348e+06  3.966074591482656e+08  0.000000000000000e+00  0.000000000000000e+00  0.000000000000000e+00  8.354321202672824e+06
 0.000000000000000e+00  0.000000000000000e+00  1.023788722407256e+10 -2.808376794953989e+09 -1.360532548219052e+08  0.000000000000000e+00
 0.000000000000000e+00  0.000000000000000e+00 -2.808376794953989e+09  3.345851782364532e+09  1.041612674736648e+08  0.000000000000000e+00
 0.000000000000000e+00  0.000000000000000e+00 -1.360532548219052e+08  1.041612674736648e+08  7.408958698060967e+08  0.000000000000000e+00
 3.882705482112540e+07  8.354321202672824e+06  0.000000000000000e+00  0.000000000000000e+00  0.000000000000000e+00  8.647117886388980e+07

 2.042813106201549e+02  7.522779169337560e-31  0.000000000000000e+00  0.000000000000000e+00  0.000000000000000e+00  1.254757250735569e+01
 7.522779169337560e-31  2.042813106201549e+02  0.000000000000000e+00  0.000000000000000e+00  0.000000000000000e+00  4.144279592708634e+00
 0.000000000000000e+00  0.000000000000000e+00  2.042813106201549e+02 -1.254757250735569e+01 -4.144279592708634e+00  0.000000000000000e+00
 0.000000000000000e+00  0.000000000000000e+00 -1.254757250735569e+01  1.013271131251520e+02 -3.194800415927535e-01  0.000000000000000e+00
 0.000000000000000e+00  0.000000000000000e+00 -4.144279592708634e+00 -3.194800415927535e-01  1.131630368139187e+01  0.000000000000000e+00
 1.254757250735569e+01  4.144279592708634e+00  0.000000000000000e+00  0.000000000000000e+00  0.000000000000000e+00  1.126434168065438e+02

 8.000000000000000e-01
 7.833394386626604e+07 -2.380970820276928e+06  0.000000000000000e+00  0.000000000000000e+00  0.000000000000000e+00  3.515964368620610e+07
-2.380970820276928e+06  3.855057786057194e+08  0.000000000000000e+00  0.000000000000000e+00  0.000000000000000e+00  7.862044740916720e+06
 0.000000000000000e+00  0.000000000000000e+00  9.304167512924177e+09 -2.423593071726388e+09 -1.213946678759391e+08  0.000000000000000e+00
 0.000000000000000e+00  0.000000000000000e+00 -2.423593071726388e+09  2.813438059654745e+09  8.934101789462300e+07  0.000000000000000e+00
 0.000000000000000e+00  0.000000000000000e+00 -1.213946678759391e+08  8.934101789462300e+07  6.157396684015447e+08  0.000000000000000e+00
 3.515964368620610e+07  7.862044740916720e+06  0.000000000000000e+00  0.000000000000000e+00  0.000000000000000e+00  7.630635709285763e+07

 1.875903669179120e+02  5.088300607689127e-31  0.000000000000000e+00  0.000000000000000e+00  0.000000000000000e+00  1.097402942120589e+01
 5.088300607689127e-31  1.875903669179120e+02  0.000000000000000e+00  0.000000000000000e+00  0.000000000000000e+00  3.673954905109116e+00
 0.000000000000000e+00  0.000000000000000e+00  1.875903669179120e+02 -1.097402942120589e+01 -3.673954905109116e+00  0.000000000000000e+00
 0.000000000000000e+00  0.000000000000000e+00 -1.097402942120589e+01  8.590561169875622e+01 -2.361131068808323e-01  0.000000000000000e+00
 0.000000000000000e+00  0.000000000000000e+00 -3.673954905109116e+00 -2.361131068808323e-01  9.533532748187545e+00  0.000000000000000e+00
 1.097402942120589e+01  3.673954905109116e+00  0.000000000000000e+00  0.000000000000000e+00  0.000000000000000e+00  9.543914444694376e+01

 8.200000000000001e-01
 7.349007818494800e+07 -2.171613895486873e+06  0.000000000000000e+00  0.000000000000000e+00  0.000000000000000e+00  3.087849440200765e+07
-2.171613895486873e+06  3.682684365981951e+08  0.000000000000000e+00  0.000000000000000e+00  0.000000000000000e+00  7.500616616476906e+06
 0.000000000000000e+00  0.000000000000000e+00  8.373400361874763e+09 -2.031319524862751e+09 -1.147218723882608e+08  0.000000000000000e+00
 0.000000000000000e+00  0.000000000000000e+00 -2.031319524862751e+09  2.331919774357738e+09  7.658127418940490e+07  0.000000000000000e+00
 0.000000000000000e+00  0.000000000000000e+00 -1.147218723882608e+08  7.658127418940490e+07  5.054403465833729e+08  0.000000000000000e+00
 3.087849440200765e+07  7.500616616476906e+06  0.000000000000000e+00  0.000000000000000e+00  0.000000000000000e+00  6.593034185532085e+07

 1.710027139990757e+02  7.436608085049258e-31  0.000000000000000e+00  0.000000000000000e+00  0.000000000000000e+00  8.606373209575963e+00
 7.436608085049258e-31  1.710027139990757e+02  0.000000000000000e+00  0.000000000000000e+00  0.000000000000000e+00  3.327919263947978e+00
 0.000000000000000e+00  0.000000000000000e+00  1.710027139990757e+02 -8.606373209575963e+00 -3.327919263947978e+00  0.000000000000000e+00
 0.000000000000000e+00  0.000000000000000e+00 -8.606373209575963e+00  7.224278543963808e+01 -1.847467807326897e-01  0.000000000000000e+00
 0.000000000000000e+00  0.000000000000000e+00 -3.327919263947978e+00 -1.847467807326897e-01  7.946560630630548e+00  0.000000000000000e+00
 8.606373209575963e+00  3.327919263947978e+00  0.000000000000000e+00  0.000000000000000e+00  0.000000000000000e+00  8.018934607026863e+01

 8.400000000000000e-01
 6.845032440046228e+07 -1.979732128610650e+06  0.000000000000000e+00  0.000000000000000e+00  0.000000000000000e+00  2.659453442952702e+07
-1.979732128610650e+06  3.484868467775862e+08  0.000000000000000e+00  0.000000000000000e+00  0.000000000000000e+00  7.200927075989843e+06
 0.000000000000000e+00  0.000000000000000e+00  7.459612104775076e+09 -1.651249736078536e+09 -1.094810971497983e+08  0.000000000000000e+00
 0.000000000000000e+00  0.000000000000000e+00 -1.651249736078536e+09  1.900650495247124e+09  6.420292739957909e+07  0.000000000000000e+00
 0.000000000000000e+00  0.000000000000000e+00 -1.094810971497983e+08  6.420292739957909e+07  4.079562942539472e+08  0.000000000000000e+00
 2.659453442952702e+07  7.200927075989843e+06  0.000000000000000e+00  0.000000000000000e+00  0.000000000000000e+00  5.620919412716347e+07

 1.549384803063835e+02  2.808738765108452e-31  0.000000000000000e+00  0.000000000000000e+00  0.000000000000000e+00  6.104996766474995e+00
 2.808738765108452e-31  1.549384803063835e+02  0.000000000000000e+00  0.000000000000000e+00  0.000000000000000e+00  3.036936132931524e+00
 0.000000000000000e+00  0.000000000000000e+00  1.549384803063835e+02 -6.104996766474995e+00 -3.036936132931524e+00  0.000000000000000e+00
 0.000000000000000e+00  0.000000000000000e+00 -6.104996766474995e+00  6.023143430847557e+01 -1.511377202173700e-01  0.000000000000000e+00
 0.000000000000000e+00  0.000000000000000e+00 -3.036936132931524e+00 -1.511377202173700e-01  6.537968292128872e+00  0.000000000000000e+00
 6.104996766474995e+00  3.036936132931524e+00  0.000000000000000e+00  0.000000000000000e+00  0.000000000000000e+00  6.676940260060444e+01

 8.600000000000000e-01
 6.300649544132327e+07 -1.802166512777421e+06  0.000000000000000e+00  0.000000000000000e+00  0.000000000000000e+00  2.224224597565719e+07
-1.802166512777421e+06  3.268304743490306e+08  0.000000000000000e+00  0.000000000000000e+00  0.000000000000000e+00  6.873874536503457e+06
 0.000000000000000e+00  0.000000000000000e+00  6.577139442169615e+09 -1.294178504833853e+09 -1.010296687582577e+08  0.000000000000000e+00
 0.000000000000000e+00  0.000000000000000e+00 -1.294178504833853e+09  1.519063940249319e+09  5.106219156874181e+07  0.000000000000000e+00
 0.000000000000000e+00  0.000000000000000e+00 -1.010296687582577e+08  5.106219156874181e+07  3.219262114801515e+08  0.000000000000000e+00
 2.224224597565719e+07  6.873874536503457e+06  0.000000000000000e+00  0.000000000000000e+00  0.000000000000000e+00  4.698971820066664e+07

 1.395065488701397e+02  1.419322294016522e-31  0.000000000000000e+00  0.000000000000000e+00  0.000000000000000e+00  3.658803182353784e+00
 1.419322294016522e-31  1.395065488701397e+02  0.000000000000000e+00  0.000000000000000e+00  0.000000000000000e+00  2.751172137559321e+00
 0.000000000000000e+00  0.000000000000000e+00  1.395065488701397e+02 -3.658803182353784e+00 -2.751172137559321e+00  0.000000000000000e+00
 0.000000000000000e+00  0.000000000000000e+00 -3.658803182353784e+00  4.962181531464278e+01 -1.455056692160938e-01  0.000000000000000e+00
 0.000000000000000e+00  0.000000000000000e+00 -2.751172137559321e+00 -1.455056692160938e-01  5.282616394017489e+00  0.000000000000000e+00
 3.658803182353784e+00  2.751172137559321e+00  0.000000000000000e+00  0.000000000000000e+00  0.000000000000000e+00  5.490443170866027e+01

 8.800000000000000e-01
 5.680296138607021e+07 -1.664493625230744e+06  0.000000000000000e+00  0.000000000000000e+00  0.000000000000000e+00  1.777455267626312e+07
-1.664493625230744e+06  3.006182435111412e+08  0.000000000000000e+00  0.000000000000000e+00  0.000000000000000e+00  6.572889431386495e+06
 0.000000000000000e+00  0.000000000000000e+00  5.687436551023000e+09 -9.584112874857354e+08 -9.364383564421274e+07  0.000000000000000e+00
 0.000000000000000e+00  0.000000000000000e+00 -9.584112874857354e+08  1.179788832034067e+09  3.855267769406006e+07  0.000000000000000e+00
 0.000000000000000e+00  0.000000000000000e+00 -9.364383564421274e+07  3.855267769406006e+07  2.446379933956882e+08  0.000000000000000e+00
 1.777455267626312e+07  6.572889431386495e+06  0.000000000000000e+00  0.000000000000000e+00  0.000000000000000e+00  3.801201210240067e+07

 1.238654467142428e+02 -2.655732824113896e-31  0.000000000000000e+00  0.000000000000000e+00  0.000000000000000e+00  1.285031885703570e+00
-2.655732824113896e-31  1.238654467142428e+02  0.000000000000000e+00  0.000000000000000e+00  0.000000000000000e+00  2.502894602148140e+00
 0.000000000000000e+00  0.000000000000000e+00  1.238654467142428e+02 -1.285031885703570e+00 -2.502894602148140e+00  0.000000000000000e+00
 0.000000000000000e+00  0.000000000000000e+00 -1.285031885703570e+00  4.002208121211112e+01 -1.511677866777919e-01  0.000000000000000e+00
 0.000000000000000e+00  0.000000000000000e+00 -2.502894602148140e+00 -1.511677866777919e-01  4.135999039216260e+00  0.000000000000000e+00
 1.285031885703570e+00  2.502894602148140e+00  0.000000000000000e+00  0.000000000000000e+00  0.000000000000000e+00  4.415808025132738e+01

 9.000000000000000e-01
 5.042279257646516e+07 -1.629945070254162e+06  0.000000000000000e+00  0.000000000000000e+00  0.000000000000000e+00  1.358438229839245e+07
-1.629945070254162e+06  2.701150514246281e+08  0.000000000000000e+00  0.000000000000000e+00  0.000000000000000e+00  6.233411726639918e+06
 0.000000000000000e+00  0.000000000000000e+00  4.784790010905734e+09 -6.529364983455019e+08 -8.681768301634109e+07  0.000000000000000e+00
 0.000000000000000e+00  0.000000000000000e+00 -6.529364983455019e+08  8.848516689914465e+08  2.689104267620366e+07  0.000000000000000e+00
 0.000000000000000e+00  0.000000000000000e+00 -8.681768301634109e+07  2.689104267620366e+07  1.761281471103675e+08  0.000000000000000e+00
 1.358438229839245e+07  6.233411726639918e+06  0.000000000000000e+00  0.000000000000000e+00  0.000000000000000e+00  2.969023972822798e+07

 1.082146836505771e+02 -3.681822492538442e-31  0.000000000000000e+00  0.000000000000000e+00  0.000000000000000e+00 -7.273764365239994e-01
-3.681822492538442e-31  1.082146836505771e+02  0.000000000000000e+00  0.000000000000000e+00  0.000000000000000e+00  2.285641674986893e+00
 0.000000000000000e+00  0.000000000000000e+00  1.082146836505771e+02  7.273764365239994e-01 -2.285641674986893e+00  0.000000000000000e+00
 0.000000000000000e+00  0.000000000000000e+00  7.273764365239994e-01  3.148835589124593e+01 -1.598946523217105e-01  0.000000000000000e+00
 0.000000000000000e+00  0.000000000000000e+00 -2.285641674986893e+00 -1.598946523217105e-01  3.103636202353407e+00  0.000000000000000e+00
-7.273764365239994e-01  2.285641674986893e+00  0.000000000000000e+00  0.000000000000000e+00  0.000000000000000e+00  3.459199209359934e+01

 9.200000000000000e-01
 4.246667565292572e+07 -1.531883550228771e+06  0.000000000000000e+00  0.000000000000000e+00  0.000000000000000e+00  9.475002113185991e+06
-1.531883550228771e+06  2.313138753443311e+08  0.000000000000000e+00  0.000000000000000e+00  0.000000000000000e+00  5.721398079232228e+06
 0.000000000000000e+00  0.000000000000000e+00  3.789426723827187e+09 -3.769398817152869e+08 -7.672421545046656e+07  0.000000000000000e+00
 0.000000000000000e+00  0.000000000000000e+00 -3.769398817152869e+08  6.236671180441779e+08  1.583914868000828e+07  0.000000000000000e+00
 0.000000000000000e+00  0.000000000000000e+00 -7.672421545046656e+07  1.583914868000828e+07  1.152848350493731e+08  0.000000000000000e+00
 9.475002113185991e+06  5.721398079232228e+06  0.000000000000000e+00  0.000000000000000e+00  0.000000000000000e+00  2.163211334079732e+07

 9.083734620674281e+01 -9.707739449522771e-33  0.000000000000000e+00  0.000000000000000e+00  0.000000000000000e+00 -2.411556066656492e+00
-9.707739449522771e-33  9.083734620674281e+01  0.000000000000000e+00  0.000000000000000e+00  0.000000000000000e+00  2.028944025387272e+00
 0.000000000000000e+00  0.000000000000000e+00  9.083734620674281e+01  2.411556066656492e+00 -2.028944025387272e+00  0.000000000000000e+00
 0.000000000000000e+00  0.000000000000000e+00  2.411556066656492e+00  2.360903750105508e+01 -1.730962573670261e-01  0.000000000000000e+00
 0.000000000000000e+00  0.000000000000000e+00 -2.028944025387272e+00 -1.730962573670261e-01  2.160378850857487e+00  0.000000000000000e+00
-2.411556066656492e+00  2.028944025387272e+00  0.000000000000000e+00  0.000000000000000e+00  0.000000000000000e+00  2.576941635191258e+01

 9.400000000000001e-01
 3.240964752892009e+07 -1.451058840367335e+06  0.000000000000000e+00  0.000000000000000e+00  0.000000000000000e+00  5.546863710152065e+06
-1.451058840367335e+06  1.747768294486586e+08  0.000000000000000e+00  0.000000000000000e+00  0.000000000000000e+00  4.601865981459999e+06
 0.000000000000000e+00  0.000000000000000e+00  2.578756457444371e+09 -1.437880210545761e+08 -5.700706822696525e+07  0.000000000000000e+00
 0.000000000000000e+00  0.000000000000000e+00 -1.437880210545761e+08  3.830992846670334e+08  6.069389672801358e+06  0.000000000000000e+00
 0.000000000000000e+00  0.000000000000000e+00 -5.700706822696525e+07  6.069389672801358e+06  6.209523360421892e+07  0.000000000000000e+00
 5.546863710152065e+06  4.601865981459999e+06  0.000000000000000e+00  0.000000000000000e+00  0.000000000000000e+00  1.365326400596507e+07

 6.826966836893710e+01  3.481234941304365e-31  0.000000000000000e+00  0.000000000000000e+00  0.000000000000000e+00 -3.419784422034452e+00
 3.481234941304365e-31  6.826966836893710e+01  0.000000000000000e+00  0.000000000000000e+00  0.000000000000000e+00  1.585610571238187e+00
 0.000000000000000e+00  0.000000000000000e+00  6.826966836893710e+01  3.419784422034452e+00 -1.585610571238187e+00  0.000000000000000e+00
 0.000000000000000e+00  0.000000000000000e+00  3.419784422034452e+00  1.581079698238066e+01 -1.730149874791543e-01  0.000000000000000e+00
 0.000000000000000e+00  0.000000000000000e+00 -1.585610571238187e+00 -1.730149874791543e-01  1.286613775952305e+00  0.000000000000000e+00
-3.419784422034452e+00  1.585610571238187e+00  0.000000000000000e+00  0.000000000000000e+00  0.000000000000000e+00  1.709741075833297e+01

 9.600000000000000e-01
 7.451685092797212e+06  2.104741803332684e+06  0.000000000000000e+00  0.000000000000000e+00  0.000000000000000e+00  3.163909953883114e+06
 2.104741803332684e+06  1.319421684067693e+08  0.000000000000000e+00  0.000000000000000e+00  0.000000000000000e+00  3.358746520777442e+06
 0.000000000000000e+00  0.000000000000000e+00  2.029344894714540e+09 -4.536961250011397e+07 -4.538983466019353e+07  0.000000000000000e+00
 0.000000000000000e+00  0.000000000000000e+00 -4.536961250011397e+07  2.244737861243498e+08  2.993781193600500e+06  0.000000000000000e+00
 0.000000000000000e+00  0.000000000000000e+00 -4.538983466019353e+07  2.993781193600500e+06  3.849489334036615e+07  0.000000000000000e+00
 3.163909953883114e+06  3.358746520777442e+06  0.000000000000000e+00  0.000000000000000e+00  0.000000000000000e+00  6.444355257855990e+06

 4.902192474362445e+01 -1.102732410337405e-31  0.000000000000000e+00  0.000000000000000e+00  0.000000000000000e+00 -3.551104485773128e+00
-1.102732410337405e-31  4.902192474362445e+01  0.000000000000000e+00  0.000000000000000e+00  0.000000000000000e+00  1.113670572805498e+00
 0.000000000000000e+00  0.000000000000000e+00  4.902192474362445e+01  3.551104485773128e+00 -1.113670572805498e+00  0.000000000000000e+00
 0.000000000000000e+00  0.000000000000000e+00  3.551104485773128e+00  9.027753250848521e+00 -1.102949344707228e-01  0.000000000000000e+00
 0.000000000000000e+00  0.000000000000000e+00 -1.113670572805498e+00 -1.102949344707228e-01  7.668053054008868e-01  0.000000000000000e+00
-3.551104485773128e+00  1.113670572805498e+00  0.000000000000000e+00  0.000000000000000e+00  0.000000000000000e+00  9.794558556249408e+00

 9.800000000000000e-01
 3.597347295629891e+06  7.724770900396373e+05  0.000000000000000e+00  0.000000000000000e+00  0.000000000000000e+00  9.174338125183737e+05
 7.724770900396373e+05  7.266572682113913e+07  0.000000000000000e+00  0.000000000000000e+00  0.000000000000000e+00  1.656912217655032e+06
 0.000000000000000e+00  0.000000000000000e+00  9.094043342268946e+08  2.574338191398286e+07 -1.648243177807841e+07  0.000000000000000e+00
 0.000000000000000e+00  0.000000000000000e+00  2.574338191398286e+07  4.498636385008286e+07  8.783394956630090e+05  0.000000000000000e+00
 0.000000000000000e+00  0.000000000000000e+00 -1.648243177807841e+07  8.783394956630090e+05  1.148413338020009e+07  0.000000000000000e+00
 9.174338125183737e+05  1.656912217655032e+06  0.000000000000000e+00  0.000000000000000e+00  0.000000000000000e+00  1.833797940892362e+06

 2.579356961366437e+01  1.567988952192373e-33  0.000000000000000e+00  0.000000000000000e+00  0.000000000000000e+00 -2.475337741233587e+00
 1.567988952192373e-33  2.579356961366437e+01  0.000000000000000e+00  0.000000000000000e+00  0.000000000000000e+00  4.643179538156164e-01
 0.000000000000000e+00  0.000000000000000e+00  2.579356961366437e+01  2.475337741233587e+00 -4.643179538156164e-01  0.000000000000000e+00
 0.000000000000000e+00  0.000000000000000e+00  2.475337741233587e+00  2.821923634077327e+00 -4.509697327429723e-02  0.000000000000000e+00
 0.000000000000000e+00  0.000000000000000e+00 -4.643179538156164e-01 -4.509697327429723e-02  2.473458621907081e-01  0.000000000000000e+00
-2.475337741233587e+00  4.643179538156164e-01  0.000000000000000e+00  0.000000000000000e+00  0.000000000000000e+00  3.069269496268035e+00

 1.000000000000000e+00
 5.525613961609646e+05  1.047571928407544e+05  0.000000000000000e+00  0.000000000000000e+00  0.000000000000000e+00  4.532775361256254e+04
 1.047571928407544e+05  1.081467841035594e+07  0.000000000000000e+00  0.000000000000000e+00  0.000000000000000e+00  7.624955134592298e+04
 0.000000000000000e+00  0.000000000000000e+00  4.542202047712346e+07  2.575693867414750e+06 -2.667827750256317e+05  0.000000000000000e+00
 0.000000000000000e+00  0.000000000000000e+00  2.575693867414750e+06  7.050708308125758e+05 -2.097942119212665e+04  0.000000000000000e+00
 0.000000000000000e+00  0.000000000000000e+00 -2.667827750256317e+05 -2.097942119212665e+04  3.556158806641430e+04  0.000000000000000e+00
 4.532775361256254e+04  7.624955134592298e+04  0.000000000000000e+00  0.000000000000000e+00  0.000000000000000e+00  2.736025212165095e+04

 3.511119081440730e+00 -1.139374823425265e-32  0.000000000000000e+00  0.000000000000000e+00  0.000000000000000e+00 -1.988740360694515e-01
-1.139374823425265e-32  3.511119081440730e+00  0.000000000000000e+00  0.000000000000000e+00  0.000000000000000e+00  2.061546304303133e-02
 0.000000000000000e+00  0.000000000000000e+00  3.511119081440730e+00  1.988740360694515e-01 -2.061546304303133e-02  0.000000000000000e+00
 0.000000000000000e+00  0.000000000000000e+00  1.988740360694515e-01  5.451726426867975e-02 -1.620511305668315e-03  0.000000000000000e+00
 0.000000000000000e+00  0.000000000000000e+00 -2.061546304303133e-02 -1.620511305668315e-03  2.770458817841453e-03  0.000000000000000e+00
-1.988740360694515e-01  2.061546304303133e-02  0.000000000000000e+00  0.000000000000000e+00  0.000000000000000e+00  5.728772308652121e-02


