------- AERODYN v15.00.* BLADE DEFINITION INPUT FILE -------------------------------------
Generated with AeroElasticSE FAST driver
======  Blade Properties =================================================================
102         NumBlNds    - Number of blade nodes used in the analysis (-)
    BlSpn        BlCrvAC        BlSwpAC        BlCrvAng       BlTwist        BlChord          BlAFID
     (m)           (m)            (m)            (deg)         (deg)           (m)              (-)
 0.000000000000000e+00  8.932997444389412e-15  0.000000000000000e+00 -9.328390270357204e-02  1.200000000000000e+01  5.800000000000002e+00        1
 1.364340799103366e+00 -2.221297610608578e-03  0.000000000000000e+00 -8.461041191325676e-02  1.199986970967177e+01  5.800000000000000e+00        2
 2.728681598206731e+00 -4.029525246941822e-03  0.000000000000000e+00 -1.556421919917576e+00  1.199905171374621e+01  5.800000000000000e+00        3
 4.093022397310096e+00 -7.633596338932171e-02 -3.338819114616340e-01 -4.515828561374541e+00  1.199683230254936e+01  5.875061086026033e+00        4
 5.457363196413463e+00 -2.188709109702188e-01 -9.998737436867005e-01 -4.449433290046263e+00  1.199236651451472e+01  6.029902324125620e+00        5
 6.821703995516830e+00 -2.880249815930770e-01 -1.323539397750670e+00 -1.343984132436711e+00  1.198469839134181e+01  6.195898170545845e+00        6
 8.186044794620198e+00 -2.828715843472017e-01 -1.298964053669374e+00  2.131707953529023e-01  1.197264175199729e+01  6.354156912382209e+00        7
 9.550385593723561e+00 -2.778728571340145e-01 -1.276860444041456e+00  2.208629521484549e-01  1.195487594584421e+01  6.500802242558036e+00        8
 1.091472639282693e+01 -2.723531275631363e-01 -1.254620626905714e+00  2.486265952687760e-01  1.192978146587424e+01  6.634303850659142e+00        9
 1.227906719193029e+01 -2.660321824458043e-01 -1.230504172794825e+00  2.867110760917121e-01  1.189538701850096e+01  6.753686477257064e+00       10
 1.364340799103366e+01 -2.586987191767465e-01 -1.203576688609703e+00  3.319491918251041e-01  1.184935973915140e+01  6.858474886791953e+00       11
 1.500774879013703e+01 -2.502233638601750e-01 -1.173586084910607e+00  3.774607728218767e-01  1.178885139192902e+01  6.948678893877680e+00       12
 1.637208958924039e+01 -2.407224768889840e-01 -1.140730149099267e+00  4.196088377394818e-01  1.171034596139571e+01  7.024694992664569e+00       13
 1.773643038834376e+01 -2.302398905801829e-01 -1.105511473935462e+00  4.577329143898437e-01  1.160945086952331e+01  7.087148066407025e+00       14
 1.910077118744712e+01 -2.189234176024025e-01 -1.068594450078019e+00  4.908754250672571e-01  1.148060176687208e+01  7.136736265182051e+00       15
 2.046511198655049e+01 -2.068624906226461e-01 -1.030696169053340e+00  5.199018576144180e-01  1.131661664279139e+01  7.174103329343803e+00       16
 2.182945278565386e+01 -1.941637027347169e-01 -9.926014855199471e-01  5.450344744190925e-01  1.110801123128592e+01  7.200230375326979e+00       17
 2.319379358475722e+01 -1.809058996917276e-01 -9.551499265933704e-01  5.709025333661120e-01  1.084199718163883e+01  7.216620299362905e+00       18
 2.455813438386058e+01 -1.669752174231380e-01 -9.185443953570990e-01  5.996539395241519e-01  1.050111221170808e+01  7.219923686102229e+00       19
 2.592247518296395e+01 -1.523482151197572e-01 -8.841915079088156e-01  6.372848499789544e-01  1.005746571488948e+01  7.216910812170783e+00       20
 2.728681598206732e+01 -1.366254848190621e-01 -8.522754770342376e-01  6.612790546916382e-01  9.470867520981127e+00  7.205626167308923e+00       21
 2.865115678117069e+01 -1.208558444173250e-01 -8.227880772271499e-01  6.022098433798025e-01  8.797863913705617e+00  7.185069064665817e+00       22
 3.001549758027405e+01 -1.079460833547622e-01 -7.957274246747608e-01  4.912627450127930e-01  8.238102712311013e+00  7.157087157966455e+00       23
 3.137983837937742e+01 -9.745999922701076e-02 -7.715934544308911e-01  3.990758329876137e-01  7.772565276380972e+00  7.122396958121297e+00       24
 3.274417917848078e+01 -8.894045874900178e-02 -7.505891600294387e-01  3.263520762910233e-01  7.370171932447203e+00  7.081344761370535e+00       25
 3.410851997758415e+01 -8.191773594907542e-02 -7.327513922559142e-01  2.701024022402933e-01  7.013623903257293e+00  7.034289025710906e+00       26
 3.547286077668752e+01 -7.607702044651694e-02 -7.178904606971340e-01  2.207840832814954e-01  6.691635410928822e+00  6.981663964602636e+00       27
 3.683720157579089e+01 -7.140303522574290e-02 -7.063446706090570e-01  1.721634492293908e-01  6.395787750251145e+00  6.924100438960921e+00       28
 3.820154237489425e+01 -6.787783836270335e-02 -6.989231237088366e-01  1.345788066820961e-01  6.120463351094758e+00  6.861898962130930e+00       29
 3.956588317399761e+01 -6.499379568388358e-02 -6.925051788691158e-01  1.038130245868146e-01  5.861460797057441e+00  6.795340701104241e+00       30
 4.093022397310097e+01 -6.293379994907740e-02 -6.895825336749185e-01  7.335719513068738e-02  5.614959843164357e+00  6.724877773930395e+00       31
 4.229456477220434e+01 -6.150019850337193e-02 -6.890783250231849e-01  4.878010827946809e-02  5.378185892417108e+00  6.650888773774988e+00       32
 4.365890557130771e+01 -6.061067302992312e-02 -6.906813859109846e-01  2.797582521213807e-02  5.149265066960421e+00  6.573591222894072e+00       33
 4.502324637041107e+01 -6.016786448040343e-02 -6.941130425468691e-01  1.144995426888079e-02  4.926298433949997e+00  6.493311826242401e+00       34
 4.638758716951444e+01 -6.006537493691584e-02 -6.989810424012313e-01 -1.726250955511036e-03  4.707592042825761e+00  6.410419675645741e+00       35
 4.775192796861781e+01 -6.025007628126394e-02 -7.051437668668132e-01 -1.198525700815137e-02  4.492222210915545e+00  6.325098570085677e+00       36
 4.911626876772117e+01 -6.063616654298777e-02 -7.122403716738703e-01 -1.863772189933279e-02  4.279147565283147e+00  6.237618206214028e+00       37
 5.048060956682454e+01 -6.113768804454767e-02 -7.199377399331497e-01 -2.263641447075168e-02  4.067416665079545e+00  6.148297036185036e+00       38
 5.184495036592791e+01 -6.171421394078525e-02 -7.280703045101148e-01 -2.458799071708788e-02  3.856569650909500e+00  6.057292459334259e+00       39
 5.320929116503127e+01 -6.230867823470555e-02 -7.363693063222532e-01 -2.443757566159986e-02  3.646001643241965e+00  5.964850112157678e+00       40
 5.457363196413463e+01 -6.287804069307860e-02 -7.445682404430940e-01 -2.307050934020864e-02  3.435209974807949e+00  5.871228946713866e+00       41
 5.593797276323799e+01 -6.340739917247405e-02 -7.525243206551204e-01 -2.101985237889475e-02  3.223953725894054e+00  5.776562594062821e+00       42
 5.730231356234136e+01 -6.387910017048061e-02 -7.600232635083969e-01 -1.904650353359449e-02  3.011862434315199e+00  5.681091733529991e+00       43
 5.866665436144473e+01 -6.431447894670478e-02 -7.669218245760493e-01 -1.791175171552234e-02  2.798742391269811e+00  5.585009263268725e+00       44
 6.003099516054809e+01 -6.473213798438326e-02 -7.731274976468847e-01 -1.838536556694258e-02  2.584465194090489e+00  5.488437627959627e+00       45
 6.139533595965145e+01 -6.519007237198358e-02 -7.784919647871567e-01 -2.157741803468762e-02  2.368868838271584e+00  5.391607605390919e+00       46
 6.275967675875482e+01 -6.575975123332935e-02 -7.829487133696778e-01 -2.787181750646632e-02  2.151917137664622e+00  5.294654919026371e+00       47
 6.412401755785820e+01 -6.651745308283652e-02 -7.864471895053613e-01 -3.857222175315204e-02  1.933559264951977e+00  5.197703219662373e+00       48
 6.548835835696156e+01 -6.759673302577537e-02 -7.889225996561010e-01 -5.440650611721333e-02  1.713802278692094e+00  5.100956325381362e+00       49
 6.685269915606492e+01 -6.910853415400665e-02 -7.903696798126286e-01 -7.598592379372426e-02  1.492673799993409e+00  5.004509042541389e+00       50
 6.821703995516829e+01 -7.121552193067236e-02 -7.907750530580496e-01 -1.042838788030672e-01  1.270209983918392e+00  4.908495849673383e+00       51
 6.958138075427166e+01 -7.407499671698027e-02 -7.901247265824288e-01 -1.398683167477840e-01  1.046519715402087e+00  4.813075240110147e+00       52
 7.094572155337504e+01 -7.787667090638679e-02 -7.884518249727920e-01 -1.834535666174403e-01  8.216581571095722e-01  4.718318436280447e+00       53
 7.231006235247840e+01 -8.281186215937006e-02 -7.857635406942626e-01 -2.350150281952891e-01  5.957671827971798e-01  4.624373095476297e+00       54
 7.367440315158176e+01 -8.906910759139328e-02 -7.820947668157462e-01 -2.962003690207303e-01  3.689894297985317e-01  4.531341400613377e+00       55
 7.503874395068512e+01 -9.691818732178524e-02 -7.774993971503632e-01 -3.664184503092535e-01  1.414214122274692e-01  4.439291345967590e+00       56
 7.640308474978849e+01 -1.065194761134770e-01 -7.720004917270539e-01 -4.454223650763444e-01 -8.670722888748246e-02  4.348361116621481e+00       57
 7.776742554889185e+01 -1.181309813323526e-01 -7.656538330343703e-01 -5.357727917343911e-01 -3.152532065010895e-01  4.258612544521863e+00       58
 7.913176634799521e+01 -1.320350038594948e-01 -7.585168399867634e-01 -6.352442700290442e-01 -5.440581901899562e-01  4.170116745683509e+00       59
 8.049610714709858e+01 -1.483835383733495e-01 -7.506186958550146e-01 -7.447506077494325e-01 -7.728488211975675e-01  4.082983617940659e+00       60
 8.186044794620194e+01 -1.675023641250841e-01 -7.420285796054231e-01 -8.659305721264968e-01 -1.001480545866445e+00  3.997250191341503e+00       61
 8.322478874530532e+01 -1.896214600437077e-01 -7.327965628963454e-01 -9.959536376061557e-01 -1.229721732991616e+00  3.912989191164397e+00       62
 8.458912954440868e+01 -2.149317477490474e-01 -7.229570391944289e-01 -1.137619321921739e+00 -1.457306087491575e+00  3.830273727396709e+00       63
 8.595347034351205e+01 -2.437964268361565e-01 -7.125868880720742e-01 -1.290415808037477e+00 -1.684077346834492e+00  3.749126520910063e+00       64
 8.731781114261543e+01 -2.763819318609589e-01 -7.017225165493239e-01 -1.451907100113445e+00 -1.909743612983119e+00  3.669612873264972e+00       65
 8.868215194171879e+01 -3.129353446910424e-01 -6.903972251622243e-01 -1.626332931230558e+00 -2.134042480660675e+00  3.591770504128375e+00       66
 9.004649274082215e+01 -3.538247887026878e-01 -6.786914009838414e-01 -1.811554389597010e+00 -2.356790985674621e+00  3.515611123806191e+00       67
 9.141083353992552e+01 -3.991953034754321e-01 -6.666200031010872e-01 -2.005588303221790e+00 -2.577661232297146e+00  3.441178806383394e+00       68
 9.277517433902889e+01 -4.493203805873436e-01 -6.542189672405168e-01 -2.213062680321609e+00 -2.796395647052662e+00  3.368485119393490e+00       69
 9.413951513813225e+01 -5.045650537914409e-01 -6.415696684798192e-01 -2.432018949779392e+00 -3.012797123966263e+00  3.297527469239859e+00       70
 9.550385593723561e+01 -5.651092365989079e-01 -6.285391708340056e-01 -2.660103599112493e+00 -3.226551935486580e+00  3.228321012045678e+00       71
 9.686819673633897e+01 -6.312055920074476e-01 -6.153360698943783e-01 -2.901138603654530e+00 -3.437388717730488e+00  3.160854167930728e+00       72
 9.823253753544235e+01 -7.032154171196144e-01 -6.020547527581283e-01 -3.155407623384404e+00 -3.645097835619848e+00  3.095105220399271e+00       73
 9.959687833454571e+01 -7.814042822154237e-01 -5.885454234177868e-01 -3.419696308638954e+00 -3.849374026913430e+00  3.031055672155886e+00       74
 1.009612191336491e+02 -8.659799931043274e-01 -5.748979024953954e-01 -3.696373981243116e+00 -4.049940594890375e+00  2.968667492133910e+00       75
 1.023255599327524e+02 -9.573200765777374e-01 -5.611074635456688e-01 -3.988671914313233e+00 -4.246592995872057e+00  2.907892905204827e+00       76
 1.036899007318558e+02 -1.055785015660611e+00 -5.472012782140512e-01 -4.292619334968531e+00 -4.439100207682412e+00  2.848680789240491e+00       77
 1.050542415309592e+02 -1.161562636135302e+00 -5.332161614644116e-01 -4.608497088632578e+00 -4.627145628696065e+00  2.790955937640272e+00       78
 1.064185823300625e+02 -1.275025708187127e+00 -5.191468306403748e-01 -4.940617607716380e+00 -4.810529497629701e+00  2.734633964282985e+00       79
 1.077829231291659e+02 -1.396565486486726e+00 -5.049967624834142e-01 -5.288856741262660e+00 -4.989050180302511e+00  2.679624449294665e+00       80
 1.091472639282693e+02 -1.526547202590504e+00 -4.907760158553732e-01 -5.650667850483877e+00 -5.162469654070970e+00  2.625820588535650e+00       81
 1.105116047273726e+02 -1.665239558440860e+00 -4.764953632599178e-01 -6.027594951874244e+00 -5.330525002943987e+00  2.573079330762558e+00       82
 1.118759455264760e+02 -1.813079059550043e+00 -4.621520958621012e-01 -6.422952581447789e+00 -5.492967218609721e+00  2.521254240799751e+00       83
 1.132402863255794e+02 -1.970489050485264e+00 -4.477445373590284e-01 -6.836244539632507e+00 -5.649528611230417e+00  2.470182560595215e+00       84
 1.146046271246827e+02 -2.137879709120780e+00 -4.332706952688742e-01 -7.267880997197189e+00 -5.799884330941795e+00  2.419678596950364e+00       85
 1.159689679237861e+02 -2.315690603285422e+00 -4.187267641466688e-01 -7.718576880359713e+00 -5.943583654167890e+00  2.369527315603217e+00       86
 1.173333087228895e+02 -2.504362065394158e+00 -4.041056501753152e-01 -8.188267793864462e+00 -6.079991021878801e+00  2.319472784273990e+00       87
 1.186976495219928e+02 -2.704326514140466e+00 -3.893954055753041e-01 -8.678642433114247e+00 -6.208241051005293e+00  2.269237579272597e+00       88
 1.200619903210962e+02 -2.916099213865629e+00 -3.745791527607935e-01 -9.190773521314993e+00 -6.327061931584786e+00  2.218508219621637e+00       89
 1.214263311201996e+02 -3.140157609412968e+00 -3.596320685885172e-01 -9.723738580712363e+00 -6.434655044863423e+00  2.166924820203487e+00       90
 1.227906719193029e+02 -3.376967418639146e+00 -3.445166143228873e-01 -1.027780811725840e+01 -6.528492755991139e+00  2.114071899852310e+00       91
 1.241550127184063e+02 -3.627012041644974e+00 -3.291731559668725e-01 -1.085178575264416e+01 -6.605103573737121e+00  2.059454342295115e+00       92
 1.255193535175097e+02 -3.890693739453799e+00 -3.135046258396961e-01 -1.144395302867928e+01 -6.660035141272572e+00  2.002458385888483e+00       93
 1.268836943166130e+02 -4.168407773075423e+00 -2.973509601947129e-01 -1.205131480178840e+01 -6.685925466391457e+00  1.942274861613973e+00       94
 1.282480351157164e+02 -4.460408753262691e+00 -2.804354266930292e-01 -1.267145602728199e+01 -6.678192767527380e+00  1.877719777350424e+00       95
 1.296123759148198e+02 -4.766971857276276e+00 -2.622975779562121e-01 -1.330446918234615e+01 -6.628052031836764e+00  1.806901777076495e+00       96
 1.309767167139231e+02 -5.088348369692043e+00 -2.420941459309908e-01 -1.395432544189845e+01 -6.530013771324621e+00  1.726149030526322e+00       97
 1.323410575130265e+02 -5.424988859020903e+00 -2.181815784850032e-01 -1.464927214886862e+01 -6.383447860254745e+00  1.626916289048591e+00       98
 1.337053983121299e+02 -5.778435922385154e+00 -1.873000676024512e-01 -1.546542614079648e+01 -6.190408536290721e+00  1.487552472849791e+00       99
 1.350697391112332e+02 -6.152610488207428e+00 -1.423349117128281e-01 -1.652138521234741e+01 -5.952326844212235e+00  1.244126227625250e+00      100
 1.364340799103366e+02 -6.554399832224967e+00 -8.805496374817609e-02 -1.803542680229610e+01 -5.622413712961060e+00  8.998255910114470e-01      101
 1.377984207094399e+02 -6.997423919363364e+00 -2.972793505521761e-02 -1.894840535829413e+01 -4.952606299546630e+00  4.000000000000001e-01      102